-1.149117 7.624425 2.253676 0.991421 
-1.149117 7.624426 2.253676 0.991421 
-1.149117 7.624426 2.253676 0.991421 
-1.149117 7.624427 2.253677 0.991421 
-1.149117 7.624427 2.253677 0.991421 
-1.149118 7.624426 2.253675 0.991421 
-2.013989 7.094213 2.223403 0.993077 
-2.013989 7.094211 2.223406 0.993076 
-2.013989 7.094213 2.223404 0.993077 
-2.013989 7.094214 2.223406 0.993076 
-2.013989 7.094213 2.223403 0.993077 
-2.013989 7.094213 2.223403 0.993077 
-2.753504 6.394677 2.071363 1.001379 
-2.753504 6.394678 2.071363 1.001379 
-2.753504 6.394678 2.071364 1.001378 
-2.753504 6.394679 2.071363 1.001379 
-2.753504 6.394678 2.071363 1.001379 
-2.753506 6.394679 2.071361 1.001378 
-3.383831 5.616509 1.843743 1.009933 
-3.383832 5.616507 1.843744 1.009932 
-3.383834 5.616510 1.843745 1.009931 
-3.383832 5.616510 1.843741 1.009931 
-3.383831 5.616509 1.843743 1.009933 
-3.383831 5.616509 1.843743 1.009933 
-3.928708 4.794758 1.612894 1.014490 
-3.928709 4.794758 1.612894 1.014490 
-3.928710 4.794757 1.612895 1.014490 
-3.928709 4.794758 1.612894 1.014490 
-3.928709 4.794758 1.612894 1.014490 
-3.994365 4.768231 1.611929 1.012095 
-3.994365 4.768231 1.611930 1.012095 
-3.994366 4.768231 1.611929 1.012095 
-3.994368 4.768232 1.611929 1.012094 
-3.994365 4.768231 1.611929 1.012095 
-5.458687 3.671909 1.367379 0.990242 
-5.458687 3.671909 1.367379 0.990242 
-5.458687 3.671909 1.367379 0.990242 
-5.458689 3.671909 1.367379 0.990242 
-5.458687 3.671908 1.367377 0.990241 
-6.422204 3.396281 1.484932 0.989065 
-6.422204 3.396281 1.484932 0.989066 
-6.422206 3.396281 1.484934 0.989065 
-6.422204 3.396281 1.484932 0.989065 
-7.283681 3.092076 1.901256 0.986750 
-7.283681 3.092077 1.901255 0.986750 
-7.283681 3.092077 1.901256 0.986750 
-7.283682 3.092078 1.901254 0.986749 
-7.283681 3.092077 1.901255 0.986750 
-7.935096 2.654650 2.539540 0.986733 
-7.935096 2.654650 2.539541 0.986733 
-7.935096 2.654651 2.539541 0.986733 
-7.935097 2.654652 2.539541 0.986732 
-7.935096 2.654650 2.539540 0.986733 
-7.935096 2.654648 2.539539 0.986732 
-8.326849 2.008458 3.245683 0.994491 
-8.326849 2.008459 3.245683 0.994491 
-8.326851 2.008460 3.245682 0.994490 
-8.326850 2.008459 3.245682 0.994491 
-8.326850 2.008459 3.245682 0.994491 
-8.515636 1.268247 3.910023 0.994069 
-8.515638 1.268252 3.910021 0.994069 
-8.515637 1.268253 3.910024 0.994068 
-8.515638 1.268253 3.910021 0.994069 
-8.515639 1.268251 3.910021 0.994069 
-8.481873 0.489871 4.530342 0.989997 
-8.481873 0.489871 4.530342 0.989997 
-8.481872 0.489871 4.530344 0.989996 
-8.513690 1.248880 3.914091 0.990560 
-8.481873 0.489871 4.530342 0.989997 
-8.181556 -0.296971 5.042856 0.978906 
-8.181556 -0.296970 5.042857 0.978906 
-8.181556 -0.296969 5.042857 0.978906 
-8.181556 -0.296969 5.042857 0.978906 
-8.486292 0.465305 4.527391 0.981977 
-8.181555 -0.296973 5.042856 0.978905 
-7.558798 -1.062822 5.338552 0.988271 
-7.558798 -1.062822 5.338552 0.988271 
-7.558798 -1.062822 5.338553 0.988271 
-7.558798 -1.062822 5.338553 0.988271 
-7.558798 -1.062822 5.338552 0.988271 
-7.558799 -1.062824 5.338551 0.988270 
-6.734372 -1.713325 5.450525 1.002398 
-6.734373 -1.713325 5.450525 1.002398 
-6.734373 -1.713325 5.450525 1.002398 
-6.734375 -1.713326 5.450526 1.002397 
-6.734374 -1.713325 5.450525 1.002398 
-6.734374 -1.713327 5.450524 1.002397 
-6.576474 -1.742131 5.432265 0.991689 
-6.576474 -1.742130 5.432265 0.991689 
-6.576474 -1.742130 5.432266 0.991689 
-6.576478 -1.742130 5.432266 0.991690 
-6.730420 -1.715695 5.448500 1.001725 
-6.576474 -1.742132 5.432265 0.991689 
-6.576474 -1.742132 5.432264 0.991689 
-4.964378 -2.515314 5.320740 0.989499 
-4.964379 -2.515315 5.320741 0.989499 
-4.964379 -2.515315 5.320741 0.989499 
-4.964380 -2.515316 5.320741 0.989499 
-4.964380 -2.515317 5.320741 0.989499 
-4.964380 -2.515317 5.320741 0.989499 
-4.044993 -2.662050 4.875527 0.994193 
-4.044993 -2.662051 4.875529 0.994193 
-4.044993 -2.662051 4.875529 0.994193 
-4.044993 -2.662051 4.875529 0.994193 
-4.044993 -2.662052 4.875529 0.994193 
-4.044993 -2.662050 4.875527 0.994193 
-3.908050 -2.623202 4.699310 0.974006 
-3.908050 -2.623201 4.699310 0.974005 
-3.908050 -2.623202 4.699310 0.974006 
-4.036534 -2.657839 4.875798 0.991529 
-3.908051 -2.623203 4.699311 0.974006 
-3.908050 -2.623202 4.699310 0.974006 
-3.908051 -2.623202 4.699309 0.974005 
-2.813770 -2.652528 3.392037 0.983493 
-2.813769 -2.652528 3.392037 0.983493 
-2.813768 -2.652530 3.392037 0.983493 
-2.813770 -2.652529 3.392035 0.983493 
-2.687261 -2.817131 2.372790 0.989079 
-2.687259 -2.817131 2.372790 0.989079 
-2.687260 -2.817132 2.372790 0.989080 
-2.687260 -2.817132 2.372790 0.989080 
-2.687260 -2.817134 2.372789 0.989079 
-2.687260 -2.817132 2.372790 0.989080 
-2.613645 -3.281289 1.473186 0.989838 
-2.613644 -3.281289 1.473186 0.989838 
-2.613644 -3.281289 1.473186 0.989838 
-2.613645 -3.281290 1.473185 0.989838 
-2.529138 -3.971204 0.743433 0.988602 
-2.529138 -3.971205 0.743433 0.988602 
-2.529138 -3.971206 0.743433 0.988602 
-2.335533 -4.813198 0.243276 0.982695 
-2.335532 -4.813198 0.243275 0.982695 
-2.335532 -4.813199 0.243276 0.982695 
-2.335533 -4.813198 0.243276 0.982695 
-2.335533 -4.813197 0.243275 0.982695 
-1.933037 -5.725295 0.034987 0.986137 
-1.933037 -5.725295 0.034988 0.986137 
-1.933036 -5.725295 0.034988 0.986137 
-1.933037 -5.725297 0.034990 0.986137 
-1.933037 -5.725295 0.034989 0.986137 
-1.933041 -5.725297 0.034989 0.986135 
-1.324880 -6.559980 0.092410 0.991148 
-1.324880 -6.559980 0.092413 0.991150 
-1.324879 -6.559980 0.092414 0.991150 
-1.324879 -6.559980 0.092414 0.991150 
-1.324881 -6.559980 0.092413 0.991150 
-1.324880 -6.559979 0.092413 0.991150 
-0.620793 -7.242643 0.309102 0.988328 
-0.620793 -7.242643 0.309103 0.988328 
-0.620793 -7.242643 0.309104 0.988328 
-0.620793 -7.242643 0.309104 0.988328 
-0.620793 -7.242644 0.309104 0.988328 
0.179987 -7.727905 0.706466 0.991241 
0.179988 -7.727905 0.706465 0.991240 
0.179987 -7.727905 0.706466 0.991241 
0.179987 -7.727905 0.706467 0.991241 
0.179986 -7.727907 0.706466 0.991240 
0.179987 -7.727905 0.706466 0.991241 
1.033393 -7.966079 1.174502 0.986558 
1.033394 -7.966079 1.174502 0.986558 
1.033393 -7.966079 1.174504 0.986559 
1.033396 -7.966077 1.174506 0.986558 
1.033393 -7.966080 1.174505 0.986558 
1.925594 -7.886364 1.668937 0.993147 
1.925594 -7.886363 1.668937 0.993147 
1.925594 -7.886363 1.668937 0.993147 
1.925594 -7.886363 1.668938 0.993147 
1.925594 -7.886364 1.668937 0.993147 
1.925594 -7.886364 1.668937 0.993147 
2.740947 -7.562399 2.140197 0.984053 
2.740947 -7.562399 2.140197 0.984053 
2.740947 -7.562399 2.140197 0.984053 
2.740947 -7.562399 2.140198 0.984053 
2.740947 -7.562399 2.140198 0.984053 
1.928403 -7.886653 1.678863 0.990067 
3.469845 -6.969081 2.477180 0.984156 
3.469845 -6.969080 2.477180 0.984156 
3.469845 -6.969081 2.477181 0.984156 
3.469845 -6.969080 2.477181 0.984156 
3.469845 -6.969080 2.477181 0.984156 
3.469846 -6.969083 2.477182 0.984154 
4.074969 -6.152970 2.558455 0.982125 
4.074969 -6.152970 2.558455 0.982125 
4.074968 -6.152971 2.558456 0.982125 
4.074968 -6.152971 2.558456 0.982124 
4.074968 -6.152971 2.558456 0.982125 
4.607309 -5.329367 2.278508 0.987260 
4.607307 -5.329368 2.278510 0.987260 
4.607306 -5.329367 2.278510 0.987260 
4.607308 -5.329368 2.278509 0.987260 
5.257513 -4.723386 1.796094 0.990632 
5.257512 -4.723386 1.796094 0.990631 
5.257513 -4.723386 1.796094 0.990632 
5.257514 -4.723386 1.796094 0.990632 
6.138324 -4.332105 1.524394 0.985049 
5.263057 -4.721988 1.784595 0.986700 
6.138327 -4.332104 1.524396 0.985049 
6.138325 -4.332106 1.524394 0.985049 
7.005249 -3.846084 1.621208 0.982637 
7.005249 -3.846083 1.621210 0.982638 
7.005250 -3.846083 1.621211 0.982637 
7.753726 -3.307857 2.085136 0.986847 
7.753726 -3.307856 2.085136 0.986846 
7.753726 -3.307857 2.085136 0.986847 
7.753726 -3.307857 2.085136 0.986847 
7.753726 -3.307857 2.085136 0.986846 
8.267628 -2.678196 2.698532 0.990333 
8.267627 -2.678195 2.698533 0.990334 
8.267627 -2.678195 2.698534 0.990334 
8.267626 -2.678193 2.698535 0.990334 
8.267627 -2.678195 2.698533 0.990334 
8.517683 -1.956151 3.362791 0.989162 
8.517682 -1.956151 3.362793 0.989163 
8.517682 -1.956150 3.362793 0.989163 
8.517681 -1.956150 3.362794 0.989163 
8.517683 -1.956152 3.362795 0.989162 
8.498648 -1.227656 4.073505 0.993261 
8.498646 -1.227656 4.073505 0.993262 
8.498645 -1.227655 4.073506 0.993262 
8.498645 -1.227655 4.073506 0.993262 
8.498647 -1.227656 4.073508 0.993261 
8.498646 -1.227656 4.073505 0.993262 
8.222715 -0.527930 4.727732 0.985660 
8.222715 -0.527929 4.727732 0.985660 
8.222715 -0.527931 4.727732 0.985660 
8.222712 -0.527930 4.727734 0.985659 
8.222716 -0.527931 4.727732 0.985660 
8.498659 -1.227550 4.077277 0.992174 
7.640402 0.091879 5.290738 0.992098 
7.640402 0.091878 5.290738 0.992098 
7.640402 0.091878 5.290738 0.992098 
7.640401 0.091878 5.290738 0.992098 
7.640401 0.091877 5.290738 0.992098 
7.640402 0.091877 5.290739 0.992098 
6.880154 0.633590 5.689795 0.990742 
6.880152 0.633589 5.689795 0.990743 
6.880151 0.633590 5.689794 0.990743 
6.880152 0.633589 5.689795 0.990743 
6.880154 0.633588 5.689797 0.990742 
6.008230 1.038695 5.933962 0.988213 
6.008230 1.038697 5.933962 0.988212 
6.008228 1.038696 5.933962 0.988213 
6.008229 1.038694 5.933964 0.988212 
6.008230 1.038695 5.933963 0.988213 
5.019014 1.268444 5.946264 0.987150 
5.019014 1.268444 5.946264 0.987150 
5.019013 1.268445 5.946263 0.987150 
5.019014 1.268444 5.946264 0.987150 
5.019014 1.268444 5.946265 0.987150 
5.019014 1.268443 5.946267 0.987149 
4.056050 1.404324 5.681229 0.987141 
4.056050 1.404323 5.681229 0.987141 
4.056050 1.404323 5.681229 0.987141 
4.056048 1.404323 5.681227 0.987141 
4.056049 1.404322 5.681229 0.987141 
3.185073 1.390796 5.156637 0.986884 
3.185074 1.390795 5.156637 0.986884 
3.185074 1.390795 5.156637 0.986884 
3.185074 1.390794 5.156637 0.986884 
3.185074 1.390793 5.156638 0.986884 
3.185074 1.390794 5.156637 0.986884 
2.522337 1.346765 4.396163 0.986883 
2.522337 1.346765 4.396163 0.986883 
2.522337 1.346765 4.396161 0.986883 
2.522336 1.346764 4.396164 0.986882 
2.522336 1.346765 4.396164 0.986882 
2.116147 1.350302 3.465175 0.985897 
2.116148 1.350303 3.465174 0.985897 
2.116148 1.350303 3.465175 0.985897 
2.116147 1.350301 3.465174 0.985896 
2.116147 1.350302 3.465175 0.985897 
1.983272 1.533234 2.486594 0.984396 
1.983272 1.533234 2.486594 0.984396 
1.983273 1.533233 2.486593 0.984396 
1.983273 1.533233 2.486594 0.984396 
1.983269 1.533236 2.486593 0.984395 
1.973145 2.042982 1.615516 0.982635 
1.973146 2.042981 1.615516 0.982634 
1.973145 2.042981 1.615517 0.982635 
1.973145 2.042981 1.615517 0.982635 
1.748570 2.834143 0.998234 0.988301 
1.748569 2.834143 0.998235 0.988302 
1.748568 2.834143 0.998234 0.988301 
1.748568 2.834143 0.998235 0.988302 
1.272365 3.643792 0.564194 0.995145 
1.272368 3.643793 0.564195 0.995144 
1.272366 3.643792 0.564194 0.995145 
1.272365 3.643792 0.564194 0.995145 
1.272364 3.643792 0.564193 0.995145 
1.272365 3.643792 0.564194 0.995145 
0.617398 4.404347 0.250713 1.014519 
0.617399 4.404347 0.250712 1.014519 
0.617397 4.404347 0.250712 1.014519 
0.574690 4.418781 0.239461 1.012523 
0.600496 4.410314 0.236533 1.013248 
0.554752 4.425784 0.224127 1.012210 
0.554751 4.425784 0.224127 1.012210 
0.554750 4.425783 0.224126 1.012208 
0.554751 4.425784 0.224127 1.012210 
0.554751 4.425784 0.224128 1.012209 
-0.339522 5.650381 -0.801425 0.986945 
-0.339523 5.650380 -0.801424 0.986946 
-0.339523 5.650380 -0.801424 0.986945 
-0.339524 5.650380 -0.801423 0.986945 
-0.512598 6.116400 -1.686614 0.985991 
-0.512596 6.116402 -1.686614 0.985990 
-0.512598 6.116400 -1.686616 0.985991 
-0.512598 6.116400 -1.686614 0.985991 
-0.512599 6.116401 -1.686614 0.985991 
-0.744119 6.261612 -2.674074 0.992314 
-0.744118 6.261612 -2.674074 0.992314 
-0.744117 6.261612 -2.674075 0.992314 
-0.744118 6.261612 -2.674074 0.992314 
-0.744119 6.261612 -2.674074 0.992314 
-0.744120 6.261614 -2.674073 0.992313 
-1.047825 6.163324 -3.628793 0.988824 
-1.047828 6.163321 -3.628791 0.988826 
-1.047827 6.163320 -3.628792 0.988826 
-1.047828 6.163320 -3.628792 0.988826 
-1.047829 6.163321 -3.628792 0.988826 
-1.045193 6.161763 -3.634005 0.986965 
-1.441847 5.810886 -4.476496 0.986849 
-1.441847 5.810886 -4.476495 0.986850 
-1.441848 5.810886 -4.476495 0.986850 
-1.441848 5.810886 -4.476495 0.986849 
-1.441848 5.810886 -4.476495 0.986850 
-1.808047 5.166887 -5.189622 0.990600 
-1.808047 5.166887 -5.189622 0.990600 
-1.808045 5.166886 -5.189624 0.990599 
-1.808047 5.166887 -5.189622 0.990600 
-1.808048 5.166883 -5.189622 0.990600 
-1.808048 5.166885 -5.189622 0.990600 
-2.166623 4.376057 -5.702237 0.990654 
-2.166622 4.376057 -5.702238 0.990653 
-2.166623 4.376057 -5.702237 0.990654 
-2.166623 4.376055 -5.702237 0.990653 
-2.166628 4.376055 -5.702238 0.990653 
-2.166624 4.376057 -5.702238 0.990654 
-2.580489 3.480459 -5.943090 0.991328 
-2.580488 3.480458 -5.943088 0.991329 
-2.580487 3.480456 -5.943090 0.991328 
-2.580489 3.480454 -5.943087 0.991328 
-2.580488 3.480457 -5.943088 0.991329 
-2.580488 3.480458 -5.943089 0.991328 
-2.579252 3.477561 -5.944157 0.990321 
-2.969162 2.552414 -5.913644 0.989188 
-2.969162 2.552415 -5.913644 0.989188 
-2.969163 2.552415 -5.913644 0.989188 
-2.969163 2.552415 -5.913643 0.989188 
-2.969163 2.552415 -5.913643 0.989188 
-3.255044 1.626751 -5.622994 0.988807 
-3.255044 1.626751 -5.622994 0.988807 
-3.255044 1.626751 -5.622994 0.988807 
-3.255046 1.626751 -5.622994 0.988807 
-3.255045 1.626752 -5.622994 0.988807 
-3.449025 0.787264 -5.076595 0.992386 
-3.449024 0.787264 -5.076596 0.992385 
-3.449024 0.787263 -5.076596 0.992385 
-3.449025 0.787264 -5.076595 0.992386 
-3.449025 0.787264 -5.076594 0.992385 
-3.449025 0.787264 -5.076595 0.992385 
-3.573212 0.110727 -4.344744 0.988669 
-3.573212 0.110727 -4.344744 0.988669 
-3.573212 0.110727 -4.344743 0.988670 
-3.573211 0.110727 -4.344740 0.988669 
-3.573212 0.110727 -4.344743 0.988670 
-3.573215 0.110727 -4.344744 0.988668 
-3.544482 -0.391186 -3.463332 0.991440 
-3.544481 -0.391188 -3.463333 0.991439 
-3.544481 -0.391188 -3.463333 0.991439 
-3.544482 -0.391186 -3.463332 0.991440 
-3.544481 -0.391186 -3.463331 0.991440 
-3.544482 -0.391186 -3.463331 0.991439 
-3.426748 -0.659235 -2.506752 0.985847 
-3.426748 -0.659234 -2.506752 0.985848 
-3.426746 -0.659234 -2.506750 0.985847 
-3.426749 -0.659232 -2.506748 0.985847 
-3.426748 -0.659233 -2.506751 0.985848 
-3.187721 -0.653967 -1.522705 0.988960 
-3.187721 -0.653966 -1.522705 0.988960 
-3.187721 -0.653966 -1.522705 0.988960 
-3.187721 -0.653963 -1.522701 0.988959 
-3.187721 -0.653966 -1.522705 0.988960 
-2.848760 -0.385533 -0.600188 0.989232 
-2.848759 -0.385533 -0.600188 0.989232 
-2.848758 -0.385533 -0.600188 0.989232 
-2.848759 -0.385533 -0.600188 0.989232 
-2.848760 -0.385530 -0.600186 0.989232 
-2.848760 -0.385533 -0.600188 0.989232 
-2.398596 0.073484 0.195239 0.997242 
-2.398596 0.073484 0.195239 0.997242 
-2.398594 0.073487 0.195240 0.997242 
-2.398596 0.073484 0.195239 0.997242 
-1.944847 0.691270 0.888049 1.008330 
-1.944847 0.691270 0.888049 1.008331 
-1.944846 0.691270 0.888049 1.008330 
-1.944847 0.691270 0.888049 1.008331 
-1.944847 0.691271 0.888050 1.008331 
-1.944847 0.691271 0.888050 1.008331 
-1.665031 1.332623 1.588428 1.001778 
-1.944827 0.691348 0.888075 1.008322 
-1.665031 1.332623 1.588427 1.001778 
-1.665031 1.332623 1.588428 1.001778 
-1.665031 1.332623 1.588428 1.001778 
-1.546167 2.010983 2.352439 1.014466 
-1.546167 2.010983 2.352439 1.014466 
-1.546169 2.010986 2.352440 1.014465 
-1.546167 2.010983 2.352440 1.014466 
-1.567004 2.040137 2.421020 1.011709 
-1.567003 2.040138 2.421020 1.011710 
-1.549926 2.017677 2.382967 1.012761 
-1.562145 2.031794 2.385473 1.012220 
-1.567004 2.040138 2.421020 1.011710 
-1.049032 3.275055 3.652090 0.984738 
-1.049032 3.275055 3.652089 0.984738 
-1.049031 3.275055 3.652089 0.984738 
-1.049031 3.275055 3.652089 0.984738 
-1.049033 3.275056 3.652090 0.984737 
-0.381750 4.025022 3.946661 0.993163 
-0.381749 4.025022 3.946661 0.993163 
-0.381750 4.025022 3.946661 0.993163 
-0.381748 4.025023 3.946660 0.993163 
-0.381750 4.025022 3.946661 0.993163 
0.407026 4.604077 4.131991 0.987907 
0.407027 4.604076 4.131991 0.987906 
0.407026 4.604076 4.131991 0.987907 
0.407026 4.604078 4.131989 0.987906 
1.332363 4.981884 4.150550 0.983456 
1.332364 4.981883 4.150550 0.983456 
1.332366 4.981883 4.150549 0.983456 
1.332363 4.981884 4.150549 0.983456 
1.332363 4.981884 4.150551 0.983455 
2.355619 5.087502 3.975846 0.995698 
2.355619 5.087502 3.975846 0.995698 
2.355619 5.087503 3.975846 0.995698 
2.355619 5.087504 3.975844 0.995697 
2.355618 5.087503 3.975846 0.995698 
2.355618 5.087505 3.975847 0.995696 
3.305372 5.006787 3.748969 0.981858 
3.305372 5.006788 3.748969 0.981858 
3.305371 5.006788 3.748969 0.981858 
3.305373 5.006788 3.748966 0.981858 
2.407748 5.073708 3.936914 0.985234 
4.171958 4.622338 3.426750 0.985588 
4.171958 4.622338 3.426750 0.985588 
4.171959 4.622336 3.426749 0.985588 
4.171958 4.622339 3.426750 0.985588 
4.171958 4.622338 3.426750 0.985588 
4.865222 3.934141 3.009455 0.999992 
4.865222 3.934140 3.009455 0.999992 
4.865222 3.934141 3.009454 0.999991 
4.865223 3.934143 3.009454 0.999990 
4.865222 3.934141 3.009455 0.999992 
5.415327 3.190656 2.671441 0.991046 
5.415327 3.190654 2.671440 0.991046 
5.415327 3.190651 2.671439 0.991045 
4.869347 3.926558 3.010387 0.998724 
5.415328 3.190656 2.671441 0.991045 
5.719824 2.293036 2.368677 0.985969 
5.719824 2.293037 2.368677 0.985970 
5.719824 2.293037 2.368676 0.985970 
5.719824 2.293037 2.368676 0.985969 
5.719824 2.293037 2.368676 0.985969 
5.415822 3.189876 2.669427 0.990391 
5.726659 1.290130 2.191896 0.987105 
5.726658 1.290129 2.191896 0.987105 
5.726658 1.290129 2.191896 0.987105 
5.726659 1.290130 2.191895 0.987105 
5.726660 1.290130 2.191894 0.987104 
5.726659 1.290130 2.191895 0.987105 
5.517046 0.300622 2.219436 0.985576 
5.517045 0.300621 2.219437 0.985575 
5.517046 0.300622 2.219436 0.985576 
5.517047 0.300622 2.219436 0.985575 
5.517046 0.300622 2.219436 0.985575 
5.176246 -0.593900 2.534934 0.984653 
5.176246 -0.593900 2.534934 0.984653 
5.176245 -0.593900 2.534933 0.984653 
5.176245 -0.593900 2.534933 0.984653 
5.176249 -0.593903 2.534934 0.984652 
4.838794 -1.335421 3.162821 0.988796 
4.838794 -1.335420 3.162821 0.988796 
4.838794 -1.335421 3.162821 0.988795 
4.838794 -1.335421 3.162821 0.988796 
4.838795 -1.335421 3.162821 0.988796 
4.727264 -1.932318 3.951699 0.982419 
4.844011 -1.347403 3.165368 0.984569 
4.727265 -1.932321 3.951700 0.982418 
4.727265 -1.932318 3.951702 0.982418 
5.009025 -2.559519 4.701704 0.986386 
5.009025 -2.559520 4.701704 0.986386 
5.009026 -2.559519 4.701705 0.986385 
5.527984 -3.300442 5.191857 0.989949 
5.527984 -3.300443 5.191855 0.989950 
5.527983 -3.300443 5.191855 0.989950 
5.527983 -3.300443 5.191855 0.989950 
5.527984 -3.300444 5.191855 0.989950 
6.080444 -4.100728 5.419270 0.984379 
6.080444 -4.100729 5.419270 0.984379 
6.080443 -4.100729 5.419270 0.984378 
6.080444 -4.100729 5.419270 0.984379 
6.080444 -4.100728 5.419270 0.984379 
6.658012 -4.928763 5.308666 0.986843 
6.658012 -4.928763 5.308667 0.986842 
6.658012 -4.928763 5.308666 0.986843 
6.658012 -4.928764 5.308665 0.986842 
6.658012 -4.928762 5.308666 0.986842 
6.658012 -4.928762 5.308666 0.986842 
7.116630 -5.753463 4.886791 0.992588 
7.116630 -5.753463 4.886791 0.992588 
7.116630 -5.753463 4.886791 0.992588 
7.116630 -5.753463 4.886791 0.992588 
7.116630 -5.753464 4.886789 0.992588 
7.116631 -5.753462 4.886790 0.992588 
7.409887 -6.525416 4.316928 0.989259 
7.409887 -6.525416 4.316928 0.989259 
7.409886 -6.525418 4.316926 0.989259 
7.409888 -6.525416 4.316925 0.989259 
7.409888 -6.525416 4.316926 0.989259 
7.409887 -6.525416 4.316928 0.989259 
7.538337 -7.184315 3.560843 0.990608 
7.538337 -7.184315 3.560843 0.990608 
7.538336 -7.184316 3.560843 0.990608 
7.538335 -7.184316 3.560840 0.990608 
7.538338 -7.184315 3.560842 0.990608 
7.538338 -7.184315 3.560842 0.990608 
7.472814 -7.696330 2.698543 0.986815 
7.472814 -7.696326 2.698541 0.986818 
7.472812 -7.696326 2.698540 0.986817 
7.472813 -7.696326 2.698540 0.986818 
7.472815 -7.696325 2.698540 0.986817 
7.472814 -7.696326 2.698541 0.986818 
7.212989 -8.002628 1.772121 0.988036 
7.212988 -8.002628 1.772121 0.988036 
7.212988 -8.002627 1.772121 0.988036 
7.212987 -8.002627 1.772120 0.988036 
7.212988 -8.002627 1.772121 0.988036 
7.212991 -8.002628 1.772121 0.988034 
6.755654 -8.088192 0.866415 0.988621 
6.755653 -8.088192 0.866415 0.988621 
6.755653 -8.088192 0.866415 0.988621 
6.755652 -8.088192 0.866415 0.988621 
6.755654 -8.088192 0.866415 0.988621 
6.755654 -8.088191 0.866414 0.988621 
6.148590 -7.975475 0.067292 0.989067 
6.148588 -7.975473 0.067293 0.989068 
6.148587 -7.975474 0.067293 0.989068 
6.148588 -7.975473 0.067293 0.989068 
6.148589 -7.975473 0.067293 0.989068 
6.148589 -7.975473 0.067293 0.989068 
5.451416 -7.629962 -0.597895 0.992838 
5.451415 -7.629961 -0.597895 0.992838 
5.451415 -7.629961 -0.597895 0.992838 
5.451415 -7.629961 -0.597895 0.992838 
5.451417 -7.629961 -0.597897 0.992837 
5.451417 -7.629962 -0.597895 0.992837 
4.712851 -7.155151 -1.074126 0.988293 
4.712851 -7.155151 -1.074126 0.988293 
4.712851 -7.155151 -1.074126 0.988293 
4.712852 -7.155151 -1.074126 0.988293 
4.712852 -7.155151 -1.074127 0.988293 
3.958417 -6.530284 -1.302566 0.986893 
3.958415 -6.530284 -1.302565 0.986892 
3.958416 -6.530283 -1.302566 0.986893 
3.958417 -6.530284 -1.302566 0.986893 
3.958417 -6.530284 -1.302567 0.986893 
3.196985 -5.841124 -1.198963 0.994435 
3.196983 -5.841125 -1.198963 0.994434 
3.196983 -5.841123 -1.198961 0.994434 
3.196985 -5.841124 -1.198963 0.994435 
3.196985 -5.841124 -1.198963 0.994435 
3.196986 -5.841124 -1.198965 0.994433 
3.174300 -5.834760 -1.185591 0.989497 
2.491997 -5.204150 -0.882235 0.988990 
2.491995 -5.204150 -0.882232 0.988989 
2.491996 -5.204150 -0.882235 0.988990 
2.491997 -5.204149 -0.882235 0.988990 
1.952863 -4.562655 -0.344927 0.986147 
1.952862 -4.562656 -0.344925 0.986147 
1.952863 -4.562656 -0.344927 0.986147 
1.952863 -4.562655 -0.344928 0.986147 
1.952863 -4.562655 -0.344928 0.986147 
1.556656 -4.095458 0.439852 0.977771 
1.556657 -4.095459 0.439853 0.977771 
1.556654 -4.095460 0.439857 0.977770 
1.556657 -4.095459 0.439853 0.977771 
1.556657 -4.095459 0.439853 0.977771 
1.556657 -4.095457 0.439852 0.977770 
1.166094 -4.051023 1.385179 0.983775 
1.166094 -4.051023 1.385179 0.983775 
1.166093 -4.051024 1.385180 0.983774 
1.166095 -4.051022 1.385180 0.983774 
1.166093 -4.051022 1.385179 0.983774 
0.777046 -4.365588 2.325169 0.999124 
0.777046 -4.365588 2.325169 0.999124 
0.777047 -4.365588 2.325169 0.999124 
0.777043 -4.365587 2.325170 0.999123 
0.344402 -4.780030 3.091520 0.984393 
0.344402 -4.780031 3.091520 0.984393 
0.344402 -4.780031 3.091520 0.984393 
0.344403 -4.780030 3.091521 0.984393 
-0.283548 -5.341808 3.625149 0.982444 
-0.283546 -5.341807 3.625149 0.982445 
0.128575 -6.276220 2.002335 1.055448 
-0.283546 -5.341807 3.625149 0.982445 
-0.283546 -5.341807 3.625149 0.982445 
-1.133107 -5.901863 3.802905 0.986291 
-1.133107 -5.901863 3.802905 0.986291 
-1.133107 -5.901863 3.802906 0.986291 
-1.133107 -5.901863 3.802906 0.986291 
-1.133107 -5.901862 3.802908 0.986290 
-1.133107 -5.901862 3.802906 0.986291 
-2.096007 -6.259815 3.771444 0.991103 
-2.096004 -6.259816 3.771445 0.991103 
-2.096004 -6.259815 3.771446 0.991104 
-2.096004 -6.259815 3.771446 0.991104 
-2.096006 -6.259815 3.771449 0.991103 
-2.096004 -6.259815 3.771446 0.991104 
-3.084345 -6.364004 3.642139 0.986747 
-3.084344 -6.364004 3.642140 0.986748 
-3.084344 -6.364004 3.642140 0.986748 
-3.084344 -6.364004 3.642141 0.986747 
-3.084344 -6.364004 3.642140 0.986748 
-4.061579 -6.187573 3.400948 0.991720 
-4.061579 -6.187573 3.400948 0.991720 
-4.061579 -6.187573 3.400948 0.991720 
-4.061579 -6.187573 3.400948 0.991720 
-4.061580 -6.187572 3.400950 0.991720 
-4.061581 -6.187570 3.400947 0.991720 
-4.935933 -5.796357 3.078873 0.989762 
-4.935932 -5.796359 3.078875 0.989762 
-4.935932 -5.796359 3.078874 0.989761 
-4.935932 -5.796358 3.078875 0.989762 
-4.935932 -5.796358 3.078876 0.989762 
-4.935933 -5.796357 3.078876 0.989762 
-5.643728 -5.223339 2.676431 0.985902 
-5.643728 -5.223341 2.676433 0.985902 
-5.643729 -5.223342 2.676432 0.985901 
-5.643729 -5.223340 2.676433 0.985902 
-5.643728 -5.223340 2.676433 0.985902 
-6.119191 -4.421508 2.253289 0.989222 
-6.119191 -4.421508 2.253287 0.989221 
-6.119191 -4.421508 2.253288 0.989221 
-6.119191 -4.421508 2.253289 0.989222 
-6.119191 -4.421507 2.253289 0.989222 
-6.119191 -4.421506 2.253289 0.989221 
-6.375456 -3.471718 1.988141 0.991633 
-6.375456 -3.471719 1.988142 0.991633 
-6.375456 -3.471719 1.988142 0.991633 
-6.375457 -3.471718 1.988142 0.991633 
-6.375457 -3.471718 1.988143 0.991633 
-6.375455 -3.471715 1.988141 0.991633 
-6.386283 -2.476785 1.785090 0.993213 
-6.386283 -2.476785 1.785089 0.993212 
-6.386284 -2.476785 1.785091 0.993213 
-6.386286 -2.476786 1.785091 0.993211 
-6.386284 -2.476785 1.785091 0.993213 
-6.386283 -2.476785 1.785092 0.993213 
-6.176591 -1.531619 1.675488 0.979187 
-6.176591 -1.531619 1.675487 0.979186 
-6.383651 -2.470436 1.776292 0.990017 
-6.176591 -1.531619 1.675489 0.979187 
-6.176591 -1.531619 1.675489 0.979187 
-6.176589 -1.531618 1.675488 0.979186 
-5.752611 -0.637001 1.907720 0.982605 
-5.752611 -0.637001 1.907721 0.982605 
-5.752612 -0.637001 1.907720 0.982604 
-5.752612 -0.637001 1.907720 0.982604 
-5.752611 -0.637000 1.907722 0.982604 
-5.752610 -0.637000 1.907720 0.982604 
-5.238679 0.064725 2.493239 0.991696 
-5.238679 0.064725 2.493239 0.991696 
-5.238680 0.064726 2.493240 0.991696 
-5.238680 0.064727 2.493243 0.991695 
-5.238677 0.064725 2.493241 0.991696 
-5.238678 0.064725 2.493240 0.991696 
-4.844217 0.633499 3.240682 0.993636 
-4.844217 0.633498 3.240685 0.993636 
-4.844217 0.633499 3.240686 0.993636 
-4.844215 0.633497 3.240683 0.993635 
-4.699870 1.184729 4.039936 0.984087 
-4.699870 1.184727 4.039936 0.984088 
-4.699871 1.184727 4.039936 0.984088 
-4.699872 1.184727 4.039938 0.984087 
-4.699870 1.184727 4.039936 0.984088 
-4.806004 1.981829 4.641240 0.987076 
-4.806005 1.981828 4.641241 0.987076 
-4.806006 1.981831 4.641240 0.987076 
-4.806008 1.981828 4.641242 0.987075 
-4.806006 1.981828 4.641241 0.987076 
-4.806005 1.981828 4.641241 0.987076 
-5.065789 2.918157 4.993637 0.991148 
-5.065790 2.918157 4.993637 0.991148 
-5.065792 2.918158 4.993637 0.991148 
-5.065790 2.918157 4.993637 0.991148 
-5.065789 2.918157 4.993637 0.991148 
-5.065789 2.918157 4.993637 0.991148 
-5.422472 3.829917 5.148599 0.986761 
-5.422473 3.829916 5.148599 0.986762 
-5.422473 3.829916 5.148600 0.986762 
-5.422473 3.829916 5.148600 0.986762 
-5.422473 3.829916 5.148600 0.986762 
-5.810749 4.767813 4.945399 0.994240 
-5.810750 4.767814 4.945398 0.994240 
-5.810750 4.767812 4.945399 0.994240 
-5.810750 4.767812 4.945399 0.994240 
-5.810750 4.767812 4.945400 0.994240 
-5.810747 4.767816 4.945400 0.994239 
-6.137581 5.626318 4.542206 0.990065 
-6.137581 5.626318 4.542206 0.990065 
-6.137581 5.626318 4.542205 0.990065 
-6.137583 5.626318 4.542205 0.990064 
-6.137581 5.626319 4.542207 0.990064 
-6.451439 6.328844 3.908126 0.987356 
-6.451439 6.328844 3.908126 0.987356 
-6.451439 6.328844 3.908127 0.987356 
-6.451442 6.328843 3.908127 0.987355 
-6.451441 6.328843 3.908127 0.987356 
-6.135776 5.629901 4.540996 0.988788 
-6.688098 6.826690 3.031354 0.994850 
-6.688099 6.826689 3.031356 0.994851 
-6.688099 6.826689 3.031357 0.994851 
-6.688100 6.826689 3.031356 0.994850 
-6.688100 6.826690 3.031358 0.994849 
-6.688100 6.826689 3.031357 0.994851 
-6.780004 7.174623 2.113638 0.984336 
-6.780004 7.174623 2.113638 0.984336 
-6.780005 7.174623 2.113636 0.984336 
-6.780006 7.174624 2.113638 0.984335 
-6.780003 7.174624 2.113638 0.984336 
-6.780003 7.174624 2.113638 0.984336 
-6.656357 7.294459 1.117531 0.987992 
-6.656357 7.294458 1.117531 0.987992 
-6.656358 7.294458 1.117531 0.987992 
-6.656358 7.294458 1.117531 0.987992 
-6.656358 7.294459 1.117531 0.987992 
-6.656354 7.294460 1.117530 0.987991 
-6.414020 7.137773 0.140452 0.987766 
-6.414021 7.137774 0.140453 0.987766 
-6.414022 7.137771 0.140451 0.987766 
-6.414022 7.137773 0.140453 0.987766 
-6.414023 7.137774 0.140452 0.987765 
-6.414020 7.137775 0.140453 0.987766 
-6.100630 6.744606 -0.738450 0.991423 
-6.100630 6.744606 -0.738450 0.991423 
-6.100630 6.744605 -0.738450 0.991423 
-6.100630 6.744607 -0.738450 0.991423 
-6.100630 6.744607 -0.738450 0.991423 
-6.100630 6.744607 -0.738450 0.991423 
-5.625357 6.189916 -1.454966 0.993907 
-5.625358 6.189916 -1.454966 0.993907 
-5.625358 6.189914 -1.454967 0.993906 
-5.625360 6.189917 -1.454968 0.993906 
-5.625358 6.189917 -1.454966 0.993907 
-5.625358 6.189917 -1.454966 0.993907 
-5.076165 5.557568 -1.973296 0.985427 
-5.076164 5.557566 -1.973296 0.985427 
-5.076165 5.557568 -1.973296 0.985427 
-5.628063 6.178329 -1.461809 0.989988 
-5.076164 5.557569 -1.973297 0.985426 
-4.416846 4.787072 -2.185108 0.995003 
-4.416846 4.787071 -2.185107 0.995003 
-4.416847 4.787071 -2.185109 0.995002 
-4.416847 4.787072 -2.185108 0.995003 
-4.416847 4.787073 -2.185109 0.995002 
-4.416845 4.787072 -2.185108 0.995002 
-3.734398 3.983604 -2.177632 1.012316 
-3.734399 3.983604 -2.177632 1.012315 
-3.734399 3.983605 -2.177632 1.012316 
-3.734400 3.983604 -2.177635 1.012314 
-3.734399 3.983605 -2.177633 1.012316 
-3.653497 3.949275 -2.150817 1.008612 
-3.653498 3.949275 -2.150816 1.008612 
-3.732171 3.982993 -2.177896 1.012131 
-3.653496 3.949275 -2.150817 1.008612 
-3.653495 3.949275 -2.150817 1.008611 
-3.653494 3.949275 -2.150817 1.008611 
-2.184438 2.812415 -2.265306 0.992205 
-3.029568 3.316443 -2.174317 0.999045 
-2.184438 2.812414 -2.265309 0.992204 
-2.184437 2.812415 -2.265307 0.992205 
-2.184438 2.812415 -2.265306 0.992205 
-1.260648 2.506599 -2.524452 0.991691 
-1.260648 2.506599 -2.524453 0.991692 
-1.260648 2.506599 -2.524453 0.991692 
-0.297351 2.439493 -2.857215 0.996381 
-0.297351 2.439493 -2.857215 0.996381 
-0.297351 2.439493 -2.857216 0.996381 
-0.297351 2.439493 -2.857216 0.996380 
-0.297351 2.439493 -2.857216 0.996381 
0.635930 2.589573 -3.096588 0.981910 
0.635929 2.589573 -3.096589 0.981910 
-0.290651 2.442997 -2.862716 0.994780 
0.635929 2.589572 -3.096592 0.981909 
0.635929 2.589573 -3.096589 0.981910 
1.534663 3.038414 -3.141924 0.982858 
1.534663 3.038413 -3.141923 0.982858 
1.534663 3.038414 -3.141923 0.982858 
1.534663 3.038414 -3.141925 0.982857 
1.534663 3.038414 -3.141924 0.982858 
1.534664 3.038416 -3.141923 0.982857 
2.261566 3.772672 -2.997540 0.989954 
2.261568 3.772671 -2.997538 0.989953 
2.261567 3.772672 -2.997539 0.989954 
2.261567 3.772672 -2.997542 0.989952 
2.261566 3.772673 -2.997539 0.989954 
2.261566 3.772672 -2.997539 0.989954 
2.807616 4.575418 -2.704199 0.991290 
2.807616 4.575417 -2.704201 0.991290 
2.807617 4.575416 -2.704200 0.991290 
2.807616 4.575417 -2.704201 0.991290 
2.807616 4.575417 -2.704201 0.991290 
2.807616 4.575417 -2.704200 0.991290 
3.194927 5.345871 -2.163979 0.993843 
3.194927 5.345871 -2.163981 0.993843 
3.194928 5.345870 -2.163981 0.993842 
3.194929 5.345870 -2.163982 0.993842 
3.194927 5.345872 -2.163981 0.993843 
3.194927 5.345871 -2.163981 0.993843 
3.386565 6.060764 -1.495024 0.987809 
3.386566 6.060763 -1.495022 0.987807 
3.386565 6.060763 -1.495025 0.987809 
3.193809 5.355916 -2.164206 0.990879 
3.386565 6.060764 -1.495025 0.987809 
3.386564 6.060765 -1.495023 0.987808 
3.298214 6.745827 -0.761416 0.987811 
3.298215 6.745827 -0.761419 0.987812 
3.298215 6.745828 -0.761420 0.987812 
3.298218 6.745828 -0.761421 0.987810 
3.298215 6.745828 -0.761420 0.987812 
3.298213 6.745830 -0.761420 0.987811 
2.932922 7.318572 0.007579 0.991928 
2.932924 7.318571 0.007580 0.991927 
2.932922 7.318572 0.007579 0.991927 
2.932922 7.318572 0.007579 0.991928 
2.932921 7.318572 0.007579 0.991927 
2.932922 7.318572 0.007579 0.991928 
2.381705 7.754101 0.728978 0.990509 
2.381705 7.754101 0.728978 0.990509 
2.381705 7.754102 0.728977 0.990509 
2.381704 7.754103 0.728977 0.990508 
2.381705 7.754102 0.728977 0.990509 
1.643433 8.037779 1.348375 0.988321 
1.643433 8.037778 1.348376 0.988320 
1.643433 8.037779 1.348375 0.988321 
1.643433 8.037779 1.348375 0.988321 
1.643430 8.037778 1.348376 0.988320 
0.761573 8.110425 1.835925 0.987739 
0.761573 8.110425 1.835926 0.987739 
0.761573 8.110425 1.835926 0.987739 
0.761573 8.110427 1.835925 0.987738 
0.761572 8.110425 1.835925 0.987739 
0.761573 8.110425 1.835925 0.987739 
-0.192399 7.960796 2.149044 0.988643 
-0.192398 7.960797 2.149044 0.988643 
-0.192398 7.960797 2.149044 0.988643 
-0.192398 7.960798 2.149045 0.988642 
-0.192398 7.960798 2.149044 0.988643 
-0.192400 7.960796 2.149044 0.988643 
