-1.149117 7.624425 2.253676
-1.149117 7.624426 2.253676
-1.149117 7.624426 2.253676
-1.149117 7.624427 2.253677
-1.149117 7.624427 2.253677
-1.149118 7.624426 2.253675
-2.013989 7.094213 2.223403
-2.013989 7.094211 2.223406
-2.013989 7.094213 2.223404
-2.013989 7.094214 2.223406
-2.013989 7.094213 2.223403
-2.013989 7.094213 2.223403
-2.753504 6.394677 2.071363
-2.753504 6.394678 2.071363
-2.753504 6.394678 2.071364
-2.753504 6.394679 2.071363
-2.753504 6.394678 2.071363
-2.753506 6.394679 2.071361
-3.383831 5.616509 1.843743
-3.383832 5.616507 1.843744
-3.383834 5.616510 1.843745
-3.383832 5.616510 1.843741
-3.383831 5.616509 1.843743
-3.383831 5.616509 1.843743
-3.928708 4.794758 1.612894
-3.928709 4.794758 1.612894
-3.928710 4.794757 1.612895
-3.928709 4.794758 1.612894
-3.928709 4.794758 1.612894
-3.994365 4.768231 1.611929
-3.994365 4.768231 1.611930
-3.994366 4.768231 1.611929
-3.994368 4.768232 1.611929
-3.994365 4.768231 1.611929
-5.458687 3.671909 1.367379
-5.458687 3.671909 1.367379
-5.458687 3.671909 1.367379
-5.458689 3.671909 1.367379
-5.458687 3.671908 1.367377
-6.422204 3.396281 1.484932
-6.422204 3.396281 1.484932
-6.422206 3.396281 1.484934
-6.422204 3.396281 1.484932
-7.283681 3.092076 1.901256
-7.283681 3.092077 1.901255
-7.283681 3.092077 1.901256
-7.283682 3.092078 1.901254
-7.283681 3.092077 1.901255
-7.935096 2.654650 2.539540
-7.935096 2.654650 2.539541
-7.935096 2.654651 2.539541
-7.935097 2.654652 2.539541
-7.935096 2.654650 2.539540
-7.935096 2.654648 2.539539
-8.326849 2.008458 3.245683
-8.326849 2.008459 3.245683
-8.326851 2.008460 3.245682
-8.326850 2.008459 3.245682
-8.326850 2.008459 3.245682
-8.515636 1.268247 3.910023
-8.515638 1.268252 3.910021
-8.515637 1.268253 3.910024
-8.515638 1.268253 3.910021
-8.515639 1.268251 3.910021
-8.481873 0.489871 4.530342
-8.481873 0.489871 4.530342
-8.481872 0.489871 4.530344
-8.513690 1.248880 3.914091
-8.481873 0.489871 4.530342
-8.181556 -0.296971 5.042856
-8.181556 -0.296970 5.042857
-8.181556 -0.296969 5.042857
-8.181556 -0.296969 5.042857
-8.486292 0.465305 4.527391
-8.181555 -0.296973 5.042856
-7.558798 -1.062822 5.338552
-7.558798 -1.062822 5.338552
-7.558798 -1.062822 5.338553
-7.558798 -1.062822 5.338553
-7.558798 -1.062822 5.338552
-7.558799 -1.062824 5.338551
-6.734372 -1.713325 5.450525
-6.734373 -1.713325 5.450525
-6.734373 -1.713325 5.450525
-6.734375 -1.713326 5.450526
-6.734374 -1.713325 5.450525
-6.734374 -1.713327 5.450524
-6.576474 -1.742131 5.432265
-6.576474 -1.742130 5.432265
-6.576474 -1.742130 5.432266
-6.576478 -1.742130 5.432266
-6.730420 -1.715695 5.448500
-6.576474 -1.742132 5.432265
-6.576474 -1.742132 5.432264
-4.964378 -2.515314 5.320740
-4.964379 -2.515315 5.320741
-4.964379 -2.515315 5.320741
-4.964380 -2.515316 5.320741
-4.964380 -2.515317 5.320741
-4.964380 -2.515317 5.320741
-4.044993 -2.662050 4.875527
-4.044993 -2.662051 4.875529
-4.044993 -2.662051 4.875529
-4.044993 -2.662051 4.875529
-4.044993 -2.662052 4.875529
-4.044993 -2.662050 4.875527
-3.908050 -2.623202 4.699310
-3.908050 -2.623201 4.699310
-3.908050 -2.623202 4.699310
-4.036534 -2.657839 4.875798
-3.908051 -2.623203 4.699311
-3.908050 -2.623202 4.699310
-3.908051 -2.623202 4.699309
-2.813770 -2.652528 3.392037
-2.813769 -2.652528 3.392037
-2.813768 -2.652530 3.392037
-2.813770 -2.652529 3.392035
-2.687261 -2.817131 2.372790
-2.687259 -2.817131 2.372790
-2.687260 -2.817132 2.372790
-2.687260 -2.817132 2.372790
-2.687260 -2.817134 2.372789
-2.687260 -2.817132 2.372790
-2.613645 -3.281289 1.473186
-2.613644 -3.281289 1.473186
-2.613644 -3.281289 1.473186
-2.613645 -3.281290 1.473185
-2.529138 -3.971204 0.743433
-2.529138 -3.971205 0.743433
-2.529138 -3.971206 0.743433
-2.335533 -4.813198 0.243276
-2.335532 -4.813198 0.243275
-2.335532 -4.813199 0.243276
-2.335533 -4.813198 0.243276
-2.335533 -4.813197 0.243275
-1.933037 -5.725295 0.034987
-1.933037 -5.725295 0.034988
-1.933036 -5.725295 0.034988
-1.933037 -5.725297 0.034990
-1.933037 -5.725295 0.034989
-1.933041 -5.725297 0.034989
-1.324880 -6.559980 0.092410
-1.324880 -6.559980 0.092413
-1.324879 -6.559980 0.092414
-1.324879 -6.559980 0.092414
-1.324881 -6.559980 0.092413
-1.324880 -6.559979 0.092413
-0.620793 -7.242643 0.309102
-0.620793 -7.242643 0.309103
-0.620793 -7.242643 0.309104
-0.620793 -7.242643 0.309104
-0.620793 -7.242644 0.309104
0.179987 -7.727905 0.706466
0.179988 -7.727905 0.706465
0.179987 -7.727905 0.706466
0.179987 -7.727905 0.706467
0.179986 -7.727907 0.706466
0.179987 -7.727905 0.706466
1.033393 -7.966079 1.174502
1.033394 -7.966079 1.174502
1.033393 -7.966079 1.174504
1.033396 -7.966077 1.174506
1.033393 -7.966080 1.174505
1.925594 -7.886364 1.668937
1.925594 -7.886363 1.668937
1.925594 -7.886363 1.668937
1.925594 -7.886363 1.668938
1.925594 -7.886364 1.668937
1.925594 -7.886364 1.668937
2.740947 -7.562399 2.140197
2.740947 -7.562399 2.140197
2.740947 -7.562399 2.140197
2.740947 -7.562399 2.140198
2.740947 -7.562399 2.140198
1.928403 -7.886653 1.678863
3.469845 -6.969081 2.477180
3.469845 -6.969080 2.477180
3.469845 -6.969081 2.477181
3.469845 -6.969080 2.477181
3.469845 -6.969080 2.477181
3.469846 -6.969083 2.477182
4.074969 -6.152970 2.558455
4.074969 -6.152970 2.558455
4.074968 -6.152971 2.558456
4.074968 -6.152971 2.558456
4.074968 -6.152971 2.558456
4.607309 -5.329367 2.278508
4.607307 -5.329368 2.278510
4.607306 -5.329367 2.278510
4.607308 -5.329368 2.278509
5.257513 -4.723386 1.796094
5.257512 -4.723386 1.796094
5.257513 -4.723386 1.796094
5.257514 -4.723386 1.796094
6.138324 -4.332105 1.524394
5.263057 -4.721988 1.784595
6.138327 -4.332104 1.524396
6.138325 -4.332106 1.524394
7.005249 -3.846084 1.621208
7.005249 -3.846083 1.621210
7.005250 -3.846083 1.621211
7.753726 -3.307857 2.085136
7.753726 -3.307856 2.085136
7.753726 -3.307857 2.085136
7.753726 -3.307857 2.085136
7.753726 -3.307857 2.085136
8.267628 -2.678196 2.698532
8.267627 -2.678195 2.698533
8.267627 -2.678195 2.698534
8.267626 -2.678193 2.698535
8.267627 -2.678195 2.698533
8.517683 -1.956151 3.362791
8.517682 -1.956151 3.362793
8.517682 -1.956150 3.362793
8.517681 -1.956150 3.362794
8.517683 -1.956152 3.362795
8.498648 -1.227656 4.073505
8.498646 -1.227656 4.073505
8.498645 -1.227655 4.073506
8.498645 -1.227655 4.073506
8.498647 -1.227656 4.073508
8.498646 -1.227656 4.073505
8.222715 -0.527930 4.727732
8.222715 -0.527929 4.727732
8.222715 -0.527931 4.727732
8.222712 -0.527930 4.727734
8.222716 -0.527931 4.727732
8.498659 -1.227550 4.077277
7.640402 0.091879 5.290738
7.640402 0.091878 5.290738
7.640402 0.091878 5.290738
7.640401 0.091878 5.290738
7.640401 0.091877 5.290738
7.640402 0.091877 5.290739
6.880154 0.633590 5.689795
6.880152 0.633589 5.689795
6.880151 0.633590 5.689794
6.880152 0.633589 5.689795
6.880154 0.633588 5.689797
6.008230 1.038695 5.933962
6.008230 1.038697 5.933962
6.008228 1.038696 5.933962
6.008229 1.038694 5.933964
6.008230 1.038695 5.933963
5.019014 1.268444 5.946264
5.019014 1.268444 5.946264
5.019013 1.268445 5.946263
5.019014 1.268444 5.946264
5.019014 1.268444 5.946265
5.019014 1.268443 5.946267
4.056050 1.404324 5.681229
4.056050 1.404323 5.681229
4.056050 1.404323 5.681229
4.056048 1.404323 5.681227
4.056049 1.404322 5.681229
3.185073 1.390796 5.156637
3.185074 1.390795 5.156637
3.185074 1.390795 5.156637
3.185074 1.390794 5.156637
3.185074 1.390793 5.156638
3.185074 1.390794 5.156637
2.522337 1.346765 4.396163
2.522337 1.346765 4.396163
2.522337 1.346765 4.396161
2.522336 1.346764 4.396164
2.522336 1.346765 4.396164
2.116147 1.350302 3.465175
2.116148 1.350303 3.465174
2.116148 1.350303 3.465175
2.116147 1.350301 3.465174
2.116147 1.350302 3.465175
1.983272 1.533234 2.486594
1.983272 1.533234 2.486594
1.983273 1.533233 2.486593
1.983273 1.533233 2.486594
1.983269 1.533236 2.486593
1.973145 2.042982 1.615516
1.973146 2.042981 1.615516
1.973145 2.042981 1.615517
1.973145 2.042981 1.615517
1.748570 2.834143 0.998234
1.748569 2.834143 0.998235
1.748568 2.834143 0.998234
1.748568 2.834143 0.998235
1.272365 3.643792 0.564194
1.272368 3.643793 0.564195
1.272366 3.643792 0.564194
1.272365 3.643792 0.564194
1.272364 3.643792 0.564193
1.272365 3.643792 0.564194
0.617398 4.404347 0.250713
0.617399 4.404347 0.250712
0.617397 4.404347 0.250712
0.574690 4.418781 0.239461
0.600496 4.410314 0.236533
0.554752 4.425784 0.224127
0.554751 4.425784 0.224127
0.554750 4.425783 0.224126
0.554751 4.425784 0.224127
0.554751 4.425784 0.224128
-0.339522 5.650381 -0.801425
-0.339523 5.650380 -0.801424
-0.339523 5.650380 -0.801424
-0.339524 5.650380 -0.801423
-0.512598 6.116400 -1.686614
-0.512596 6.116402 -1.686614
-0.512598 6.116400 -1.686616
-0.512598 6.116400 -1.686614
-0.512599 6.116401 -1.686614
-0.744119 6.261612 -2.674074
-0.744118 6.261612 -2.674074
-0.744117 6.261612 -2.674075
-0.744118 6.261612 -2.674074
-0.744119 6.261612 -2.674074
-0.744120 6.261614 -2.674073
-1.047825 6.163324 -3.628793
-1.047828 6.163321 -3.628791
-1.047827 6.163320 -3.628792
-1.047828 6.163320 -3.628792
-1.047829 6.163321 -3.628792
-1.045193 6.161763 -3.634005
-1.441847 5.810886 -4.476496
-1.441847 5.810886 -4.476495
-1.441848 5.810886 -4.476495
-1.441848 5.810886 -4.476495
-1.441848 5.810886 -4.476495
-1.808047 5.166887 -5.189622
-1.808047 5.166887 -5.189622
-1.808045 5.166886 -5.189624
-1.808047 5.166887 -5.189622
-1.808048 5.166883 -5.189622
-1.808048 5.166885 -5.189622
-2.166623 4.376057 -5.702237
-2.166622 4.376057 -5.702238
-2.166623 4.376057 -5.702237
-2.166623 4.376055 -5.702237
-2.166628 4.376055 -5.702238
-2.166624 4.376057 -5.702238
-2.580489 3.480459 -5.943090
-2.580488 3.480458 -5.943088
-2.580487 3.480456 -5.943090
-2.580489 3.480454 -5.943087
-2.580488 3.480457 -5.943088
-2.580488 3.480458 -5.943089
-2.579252 3.477561 -5.944157
-2.969162 2.552414 -5.913644
-2.969162 2.552415 -5.913644
-2.969163 2.552415 -5.913644
-2.969163 2.552415 -5.913643
-2.969163 2.552415 -5.913643
-3.255044 1.626751 -5.622994
-3.255044 1.626751 -5.622994
-3.255044 1.626751 -5.622994
-3.255046 1.626751 -5.622994
-3.255045 1.626752 -5.622994
-3.449025 0.787264 -5.076595
-3.449024 0.787264 -5.076596
-3.449024 0.787263 -5.076596
-3.449025 0.787264 -5.076595
-3.449025 0.787264 -5.076594
-3.449025 0.787264 -5.076595
-3.573212 0.110727 -4.344744
-3.573212 0.110727 -4.344744
-3.573212 0.110727 -4.344743
-3.573211 0.110727 -4.344740
-3.573212 0.110727 -4.344743
-3.573215 0.110727 -4.344744
-3.544482 -0.391186 -3.463332
-3.544481 -0.391188 -3.463333
-3.544481 -0.391188 -3.463333
-3.544482 -0.391186 -3.463332
-3.544481 -0.391186 -3.463331
-3.544482 -0.391186 -3.463331
-3.426748 -0.659235 -2.506752
-3.426748 -0.659234 -2.506752
-3.426746 -0.659234 -2.506750
-3.426749 -0.659232 -2.506748
-3.426748 -0.659233 -2.506751
-3.187721 -0.653967 -1.522705
-3.187721 -0.653966 -1.522705
-3.187721 -0.653966 -1.522705
-3.187721 -0.653963 -1.522701
-3.187721 -0.653966 -1.522705
-2.848760 -0.385533 -0.600188
-2.848759 -0.385533 -0.600188
-2.848758 -0.385533 -0.600188
-2.848759 -0.385533 -0.600188
-2.848760 -0.385530 -0.600186
-2.848760 -0.385533 -0.600188
-2.398596 0.073484 0.195239
-2.398596 0.073484 0.195239
-2.398594 0.073487 0.195240
-2.398596 0.073484 0.195239
-1.944847 0.691270 0.888049
-1.944847 0.691270 0.888049
-1.944846 0.691270 0.888049
-1.944847 0.691270 0.888049
-1.944847 0.691271 0.888050
-1.944847 0.691271 0.888050
-1.665031 1.332623 1.588428
-1.944827 0.691348 0.888075
-1.665031 1.332623 1.588427
-1.665031 1.332623 1.588428
-1.665031 1.332623 1.588428
-1.546167 2.010983 2.352439
-1.546167 2.010983 2.352439
-1.546169 2.010986 2.352440
-1.546167 2.010983 2.352440
-1.567004 2.040137 2.421020
-1.567003 2.040138 2.421020
-1.549926 2.017677 2.382967
-1.562145 2.031794 2.385473
-1.567004 2.040138 2.421020
-1.049032 3.275055 3.652090
-1.049032 3.275055 3.652089
-1.049031 3.275055 3.652089
-1.049031 3.275055 3.652089
-1.049033 3.275056 3.652090
-0.381750 4.025022 3.946661
-0.381749 4.025022 3.946661
-0.381750 4.025022 3.946661
-0.381748 4.025023 3.946660
-0.381750 4.025022 3.946661
0.407026 4.604077 4.131991
0.407027 4.604076 4.131991
0.407026 4.604076 4.131991
0.407026 4.604078 4.131989
1.332363 4.981884 4.150550
1.332364 4.981883 4.150550
1.332366 4.981883 4.150549
1.332363 4.981884 4.150549
1.332363 4.981884 4.150551
2.355619 5.087502 3.975846
2.355619 5.087502 3.975846
2.355619 5.087503 3.975846
2.355619 5.087504 3.975844
2.355618 5.087503 3.975846
2.355618 5.087505 3.975847
3.305372 5.006787 3.748969
3.305372 5.006788 3.748969
3.305371 5.006788 3.748969
3.305373 5.006788 3.748966
2.407748 5.073708 3.936914
4.171958 4.622338 3.426750
4.171958 4.622338 3.426750
4.171959 4.622336 3.426749
4.171958 4.622339 3.426750
4.171958 4.622338 3.426750
4.865222 3.934141 3.009455
4.865222 3.934140 3.009455
4.865222 3.934141 3.009454
4.865223 3.934143 3.009454
4.865222 3.934141 3.009455
5.415327 3.190656 2.671441
5.415327 3.190654 2.671440
5.415327 3.190651 2.671439
4.869347 3.926558 3.010387
5.415328 3.190656 2.671441
5.719824 2.293036 2.368677
5.719824 2.293037 2.368677
5.719824 2.293037 2.368676
5.719824 2.293037 2.368676
5.719824 2.293037 2.368676
5.415822 3.189876 2.669427
5.726659 1.290130 2.191896
5.726658 1.290129 2.191896
5.726658 1.290129 2.191896
5.726659 1.290130 2.191895
5.726660 1.290130 2.191894
5.726659 1.290130 2.191895
5.517046 0.300622 2.219436
5.517045 0.300621 2.219437
5.517046 0.300622 2.219436
5.517047 0.300622 2.219436
5.517046 0.300622 2.219436
5.176246 -0.593900 2.534934
5.176246 -0.593900 2.534934
5.176245 -0.593900 2.534933
5.176245 -0.593900 2.534933
5.176249 -0.593903 2.534934
4.838794 -1.335421 3.162821
4.838794 -1.335420 3.162821
4.838794 -1.335421 3.162821
4.838794 -1.335421 3.162821
4.838795 -1.335421 3.162821
4.727264 -1.932318 3.951699
4.844011 -1.347403 3.165368
4.727265 -1.932321 3.951700
4.727265 -1.932318 3.951702
5.009025 -2.559519 4.701704
5.009025 -2.559520 4.701704
5.009026 -2.559519 4.701705
5.527984 -3.300442 5.191857
5.527984 -3.300443 5.191855
5.527983 -3.300443 5.191855
5.527983 -3.300443 5.191855
5.527984 -3.300444 5.191855
6.080444 -4.100728 5.419270
6.080444 -4.100729 5.419270
6.080443 -4.100729 5.419270
6.080444 -4.100729 5.419270
6.080444 -4.100728 5.419270
6.658012 -4.928763 5.308666
6.658012 -4.928763 5.308667
6.658012 -4.928763 5.308666
6.658012 -4.928764 5.308665
6.658012 -4.928762 5.308666
6.658012 -4.928762 5.308666
7.116630 -5.753463 4.886791
7.116630 -5.753463 4.886791
7.116630 -5.753463 4.886791
7.116630 -5.753463 4.886791
7.116630 -5.753464 4.886789
7.116631 -5.753462 4.886790
7.409887 -6.525416 4.316928
7.409887 -6.525416 4.316928
7.409886 -6.525418 4.316926
7.409888 -6.525416 4.316925
7.409888 -6.525416 4.316926
7.409887 -6.525416 4.316928
7.538337 -7.184315 3.560843
7.538337 -7.184315 3.560843
7.538336 -7.184316 3.560843
7.538335 -7.184316 3.560840
7.538338 -7.184315 3.560842
7.538338 -7.184315 3.560842
7.472814 -7.696330 2.698543
7.472814 -7.696326 2.698541
7.472812 -7.696326 2.698540
7.472813 -7.696326 2.698540
7.472815 -7.696325 2.698540
7.472814 -7.696326 2.698541
7.212989 -8.002628 1.772121
7.212988 -8.002628 1.772121
7.212988 -8.002627 1.772121
7.212987 -8.002627 1.772120
7.212988 -8.002627 1.772121
7.212991 -8.002628 1.772121
6.755654 -8.088192 0.866415
6.755653 -8.088192 0.866415
6.755653 -8.088192 0.866415
6.755652 -8.088192 0.866415
6.755654 -8.088192 0.866415
6.755654 -8.088191 0.866414
6.148590 -7.975475 0.067292
6.148588 -7.975473 0.067293
6.148587 -7.975474 0.067293
6.148588 -7.975473 0.067293
6.148589 -7.975473 0.067293
6.148589 -7.975473 0.067293
5.451416 -7.629962 -0.597895
5.451415 -7.629961 -0.597895
5.451415 -7.629961 -0.597895
5.451415 -7.629961 -0.597895
5.451417 -7.629961 -0.597897
5.451417 -7.629962 -0.597895
4.712851 -7.155151 -1.074126
4.712851 -7.155151 -1.074126
4.712851 -7.155151 -1.074126
4.712852 -7.155151 -1.074126
4.712852 -7.155151 -1.074127
3.958417 -6.530284 -1.302566
3.958415 -6.530284 -1.302565
3.958416 -6.530283 -1.302566
3.958417 -6.530284 -1.302566
3.958417 -6.530284 -1.302567
3.196985 -5.841124 -1.198963
3.196983 -5.841125 -1.198963
3.196983 -5.841123 -1.198961
3.196985 -5.841124 -1.198963
3.196985 -5.841124 -1.198963
3.196986 -5.841124 -1.198965
3.174300 -5.834760 -1.185591
2.491997 -5.204150 -0.882235
2.491995 -5.204150 -0.882232
2.491996 -5.204150 -0.882235
2.491997 -5.204149 -0.882235
1.952863 -4.562655 -0.344927
1.952862 -4.562656 -0.344925
1.952863 -4.562656 -0.344927
1.952863 -4.562655 -0.344928
1.952863 -4.562655 -0.344928
1.556656 -4.095458 0.439852
1.556657 -4.095459 0.439853
1.556654 -4.095460 0.439857
1.556657 -4.095459 0.439853
1.556657 -4.095459 0.439853
1.556657 -4.095457 0.439852
1.166094 -4.051023 1.385179
1.166094 -4.051023 1.385179
1.166093 -4.051024 1.385180
1.166095 -4.051022 1.385180
1.166093 -4.051022 1.385179
0.777046 -4.365588 2.325169
0.777046 -4.365588 2.325169
0.777047 -4.365588 2.325169
0.777043 -4.365587 2.325170
0.344402 -4.780030 3.091520
0.344402 -4.780031 3.091520
0.344402 -4.780031 3.091520
0.344403 -4.780030 3.091521
-0.283548 -5.341808 3.625149
-0.283546 -5.341807 3.625149
0.128575 -6.276220 2.002335
-0.283546 -5.341807 3.625149
-0.283546 -5.341807 3.625149
-1.133107 -5.901863 3.802905
-1.133107 -5.901863 3.802905
-1.133107 -5.901863 3.802906
-1.133107 -5.901863 3.802906
-1.133107 -5.901862 3.802908
-1.133107 -5.901862 3.802906
-2.096007 -6.259815 3.771444
-2.096004 -6.259816 3.771445
-2.096004 -6.259815 3.771446
-2.096004 -6.259815 3.771446
-2.096006 -6.259815 3.771449
-2.096004 -6.259815 3.771446
-3.084345 -6.364004 3.642139
-3.084344 -6.364004 3.642140
-3.084344 -6.364004 3.642140
-3.084344 -6.364004 3.642141
-3.084344 -6.364004 3.642140
-4.061579 -6.187573 3.400948
-4.061579 -6.187573 3.400948
-4.061579 -6.187573 3.400948
-4.061579 -6.187573 3.400948
-4.061580 -6.187572 3.400950
-4.061581 -6.187570 3.400947
-4.935933 -5.796357 3.078873
-4.935932 -5.796359 3.078875
-4.935932 -5.796359 3.078874
-4.935932 -5.796358 3.078875
-4.935932 -5.796358 3.078876
-4.935933 -5.796357 3.078876
-5.643728 -5.223339 2.676431
-5.643728 -5.223341 2.676433
-5.643729 -5.223342 2.676432
-5.643729 -5.223340 2.676433
-5.643728 -5.223340 2.676433
-6.119191 -4.421508 2.253289
-6.119191 -4.421508 2.253287
-6.119191 -4.421508 2.253288
-6.119191 -4.421508 2.253289
-6.119191 -4.421507 2.253289
-6.119191 -4.421506 2.253289
-6.375456 -3.471718 1.988141
-6.375456 -3.471719 1.988142
-6.375456 -3.471719 1.988142
-6.375457 -3.471718 1.988142
-6.375457 -3.471718 1.988143
-6.375455 -3.471715 1.988141
-6.386283 -2.476785 1.785090
-6.386283 -2.476785 1.785089
-6.386284 -2.476785 1.785091
-6.386286 -2.476786 1.785091
-6.386284 -2.476785 1.785091
-6.386283 -2.476785 1.785092
-6.176591 -1.531619 1.675488
-6.176591 -1.531619 1.675487
-6.383651 -2.470436 1.776292
-6.176591 -1.531619 1.675489
-6.176591 -1.531619 1.675489
-6.176589 -1.531618 1.675488
-5.752611 -0.637001 1.907720
-5.752611 -0.637001 1.907721
-5.752612 -0.637001 1.907720
-5.752612 -0.637001 1.907720
-5.752611 -0.637000 1.907722
-5.752610 -0.637000 1.907720
-5.238679 0.064725 2.493239
-5.238679 0.064725 2.493239
-5.238680 0.064726 2.493240
-5.238680 0.064727 2.493243
-5.238677 0.064725 2.493241
-5.238678 0.064725 2.493240
-4.844217 0.633499 3.240682
-4.844217 0.633498 3.240685
-4.844217 0.633499 3.240686
-4.844215 0.633497 3.240683
-4.699870 1.184729 4.039936
-4.699870 1.184727 4.039936
-4.699871 1.184727 4.039936
-4.699872 1.184727 4.039938
-4.699870 1.184727 4.039936
-4.806004 1.981829 4.641240
-4.806005 1.981828 4.641241
-4.806006 1.981831 4.641240
-4.806008 1.981828 4.641242
-4.806006 1.981828 4.641241
-4.806005 1.981828 4.641241
-5.065789 2.918157 4.993637
-5.065790 2.918157 4.993637
-5.065792 2.918158 4.993637
-5.065790 2.918157 4.993637
-5.065789 2.918157 4.993637
-5.065789 2.918157 4.993637
-5.422472 3.829917 5.148599
-5.422473 3.829916 5.148599
-5.422473 3.829916 5.148600
-5.422473 3.829916 5.148600
-5.422473 3.829916 5.148600
-5.810749 4.767813 4.945399
-5.810750 4.767814 4.945398
-5.810750 4.767812 4.945399
-5.810750 4.767812 4.945399
-5.810750 4.767812 4.945400
-5.810747 4.767816 4.945400
-6.137581 5.626318 4.542206
-6.137581 5.626318 4.542206
-6.137581 5.626318 4.542205
-6.137583 5.626318 4.542205
-6.137581 5.626319 4.542207
-6.451439 6.328844 3.908126
-6.451439 6.328844 3.908126
-6.451439 6.328844 3.908127
-6.451442 6.328843 3.908127
-6.451441 6.328843 3.908127
-6.135776 5.629901 4.540996
-6.688098 6.826690 3.031354
-6.688099 6.826689 3.031356
-6.688099 6.826689 3.031357
-6.688100 6.826689 3.031356
-6.688100 6.826690 3.031358
-6.688100 6.826689 3.031357
-6.780004 7.174623 2.113638
-6.780004 7.174623 2.113638
-6.780005 7.174623 2.113636
-6.780006 7.174624 2.113638
-6.780003 7.174624 2.113638
-6.780003 7.174624 2.113638
-6.656357 7.294459 1.117531
-6.656357 7.294458 1.117531
-6.656358 7.294458 1.117531
-6.656358 7.294458 1.117531
-6.656358 7.294459 1.117531
-6.656354 7.294460 1.117530
-6.414020 7.137773 0.140452
-6.414021 7.137774 0.140453
-6.414022 7.137771 0.140451
-6.414022 7.137773 0.140453
-6.414023 7.137774 0.140452
-6.414020 7.137775 0.140453
-6.100630 6.744606 -0.738450
-6.100630 6.744606 -0.738450
-6.100630 6.744605 -0.738450
-6.100630 6.744607 -0.738450
-6.100630 6.744607 -0.738450
-6.100630 6.744607 -0.738450
-5.625357 6.189916 -1.454966
-5.625358 6.189916 -1.454966
-5.625358 6.189914 -1.454967
-5.625360 6.189917 -1.454968
-5.625358 6.189917 -1.454966
-5.625358 6.189917 -1.454966
-5.076165 5.557568 -1.973296
-5.076164 5.557566 -1.973296
-5.076165 5.557568 -1.973296
-5.628063 6.178329 -1.461809
-5.076164 5.557569 -1.973297
-4.416846 4.787072 -2.185108
-4.416846 4.787071 -2.185107
-4.416847 4.787071 -2.185109
-4.416847 4.787072 -2.185108
-4.416847 4.787073 -2.185109
-4.416845 4.787072 -2.185108
-3.734398 3.983604 -2.177632
-3.734399 3.983604 -2.177632
-3.734399 3.983605 -2.177632
-3.734400 3.983604 -2.177635
-3.734399 3.983605 -2.177633
-3.653497 3.949275 -2.150817
-3.653498 3.949275 -2.150816
-3.732171 3.982993 -2.177896
-3.653496 3.949275 -2.150817
-3.653495 3.949275 -2.150817
-3.653494 3.949275 -2.150817
-2.184438 2.812415 -2.265306
-3.029568 3.316443 -2.174317
-2.184438 2.812414 -2.265309
-2.184437 2.812415 -2.265307
-2.184438 2.812415 -2.265306
-1.260648 2.506599 -2.524452
-1.260648 2.506599 -2.524453
-1.260648 2.506599 -2.524453
-0.297351 2.439493 -2.857215
-0.297351 2.439493 -2.857215
-0.297351 2.439493 -2.857216
-0.297351 2.439493 -2.857216
-0.297351 2.439493 -2.857216
0.635930 2.589573 -3.096588
0.635929 2.589573 -3.096589
-0.290651 2.442997 -2.862716
0.635929 2.589572 -3.096592
0.635929 2.589573 -3.096589
1.534663 3.038414 -3.141924
1.534663 3.038413 -3.141923
1.534663 3.038414 -3.141923
1.534663 3.038414 -3.141925
1.534663 3.038414 -3.141924
1.534664 3.038416 -3.141923
2.261566 3.772672 -2.997540
2.261568 3.772671 -2.997538
2.261567 3.772672 -2.997539
2.261567 3.772672 -2.997542
2.261566 3.772673 -2.997539
2.261566 3.772672 -2.997539
2.807616 4.575418 -2.704199
2.807616 4.575417 -2.704201
2.807617 4.575416 -2.704200
2.807616 4.575417 -2.704201
2.807616 4.575417 -2.704201
2.807616 4.575417 -2.704200
3.194927 5.345871 -2.163979
3.194927 5.345871 -2.163981
3.194928 5.345870 -2.163981
3.194929 5.345870 -2.163982
3.194927 5.345872 -2.163981
3.194927 5.345871 -2.163981
3.386565 6.060764 -1.495024
3.386566 6.060763 -1.495022
3.386565 6.060763 -1.495025
3.193809 5.355916 -2.164206
3.386565 6.060764 -1.495025
3.386564 6.060765 -1.495023
3.298214 6.745827 -0.761416
3.298215 6.745827 -0.761419
3.298215 6.745828 -0.761420
3.298218 6.745828 -0.761421
3.298215 6.745828 -0.761420
3.298213 6.745830 -0.761420
2.932922 7.318572 0.007579
2.932924 7.318571 0.007580
2.932922 7.318572 0.007579
2.932922 7.318572 0.007579
2.932921 7.318572 0.007579
2.932922 7.318572 0.007579
2.381705 7.754101 0.728978
2.381705 7.754101 0.728978
2.381705 7.754102 0.728977
2.381704 7.754103 0.728977
2.381705 7.754102 0.728977
1.643433 8.037779 1.348375
1.643433 8.037778 1.348376
1.643433 8.037779 1.348375
1.643433 8.037779 1.348375
1.643430 8.037778 1.348376
0.761573 8.110425 1.835925
0.761573 8.110425 1.835926
0.761573 8.110425 1.835926
0.761573 8.110427 1.835925
0.761572 8.110425 1.835925
0.761573 8.110425 1.835925
-0.192399 7.960796 2.149044
-0.192398 7.960797 2.149044
-0.192398 7.960797 2.149044
-0.192398 7.960798 2.149045
-0.192398 7.960798 2.149044
-0.192400 7.960796 2.149044
