3.107581 -0.494258 -1.383157
0.450235 -1.099017 2.018865
0.202596 5.631987 2.124929
-0.657578 6.766488 4.556947
-1.167904 12.593565 13.806284
-8.753773 74.817079 34.408470
-7.370611 45.863849 17.741194
-3.585546 16.559012 -1.647548
-1.888322 8.697252 -0.683910
-0.989489 6.867528 0.364634
-0.639825 5.226504 2.093342
-0.728415 6.621026 4.483154
-2.140493 10.292129 9.629485
-3.689349 13.582784 8.634507
-4.288210 14.363285 5.473805
-3.681011 12.314868 0.078383
-2.623862 8.209277 -0.677463
-0.485494 5.883391 1.420511
-1.128808 4.790421 1.821625
-2.034282 5.697888 4.435896
-2.410826 6.924891 6.438179
-3.179028 8.089644 5.862970
-4.191186 9.690034 3.641760
-3.191291 8.926133 -0.695667
-2.928375 7.824231 -0.759817
-1.954966 6.024500 0.152444
-1.552304 4.260809 1.430291
-3.030005 4.675889 4.126472
-2.790008 5.627957 5.044486
-3.757024 6.769841 4.302523
-4.194973 7.974368 1.191020
-3.206529 7.402095 -0.435950
-2.882304 7.071169 -0.699272
-2.399886 5.368164 -0.112064
-1.845192 3.843793 0.930788
-3.063716 4.591964 4.130193
-3.063007 4.684770 4.185213
-4.259548 5.796850 3.515295
-5.301470 5.756838 2.191737
-4.571316 6.712547 1.115186
-5.322237 5.753241 2.160753
-3.690566 6.313894 -0.182797
-2.842780 5.812607 -0.590189
-2.031020 3.661495 0.308771
-3.438945 2.644732 0.742027
-2.875688 3.663932 2.377106
-3.421080 3.836546 3.606723
-3.723460 4.041341 3.571892
-4.794537 5.039541 3.172960
-5.090762 5.915749 0.850439
-4.204152 5.423011 -0.071189
-3.056603 4.493668 -0.152720
-4.788759 4.699320 -0.175719
-2.126333 3.604271 0.314825
-4.651117 1.546063 0.490675
-3.751336 2.489867 2.381574
-4.558695 3.498944 3.108364
-5.837767 4.384721 3.060556
-6.288443 5.248656 0.699017
-5.803441 4.259923 -0.425757
-5.551377 5.477295 0.745073
-5.189953 2.814319 -0.607440
-4.815008 4.709051 -0.176064
-4.747513 1.736260 -0.434637
-4.669165 1.550795 0.525630
-4.925342 2.148937 2.187969
-5.764418 4.311894 3.118513
-6.908829 5.042526 2.140989
-7.381119 5.076564 0.787536
-7.412572 4.010017 -0.875772
-6.828061 1.686087 -1.757010
-6.855144 1.507868 -1.829490
-6.026666 1.440131 0.925362
-6.143896 1.808754 2.848227
-6.875428 4.037274 3.471248
-7.861486 4.957016 2.630234
-6.334446 4.200540 3.128249
-9.104969 5.198785 0.969708
-10.420312 3.788314 -2.107803
-10.876166 1.527627 -4.323637
-8.065145 0.703101 -2.119155
-7.152155 0.853286 1.701484
-7.447350 3.778281 4.039219
-6.260633 2.834455 3.435270
-9.015382 4.876595 3.666891
-12.861721 6.124038 1.554470
-23.965043 2.542134 -10.613779
-27.298476 1.570672 -13.450123
-9.109657 0.218252 -0.479677
-7.135082 0.869570 1.937144
-6.849711 2.206805 4.297246
-6.492875 1.566472 2.999004
-7.813341 3.364306 4.964543
-10.409204 4.973218 5.415695
-28.039530 10.374938 2.801032
-92.770817 8.915456 -27.287522
-64.336489 -8.247121 -33.439239
-9.110870 -0.137184 0.377793
-7.414142 0.043771 2.707291
-6.852961 1.779683 4.874475
-7.951297 2.924838 6.031702
-12.623604 5.557774 8.495298
-106.025412 21.702554 14.890235
-127.459106 14.783264 6.759117
-62.130488 -11.875839 -31.739211
-8.986736 -0.202231 0.922247
-7.335295 -0.010142 2.841787
-6.735651 1.336198 5.368556
-7.867251 2.459030 7.225823
-20.115289 8.657809 19.489753
-113.494401 8.915456 23.156003
-136.143223 8.915456 6.759117
-26.054138 -5.822935 -5.917095
-8.973194 -0.704056 1.775417
-7.257711 -0.380701 3.243284
-6.464806 0.946281 5.762255
-7.403974 1.927424 8.778467
-46.490129 10.134596 71.169125
-95.674347 -1.334949 27.246891
-102.751580 -19.210746 6.759117
-16.584610 -4.494533 0.561397
-8.752546 -1.255362 2.495055
-6.678415 -0.940020 3.594254
-6.030892 0.533480 6.029397
-6.453948 1.353802 10.215583
-22.190501 8.915456 91.024848
-47.540305 8.915456 71.728527
-75.854113 -39.416062 9.219205
-12.366066 -4.227472 2.962483
-8.311440 -1.662434 3.051343
-5.452806 0.116339 6.171740
-5.527869 1.109492 11.305562
-11.972480 8.915456 98.934818
-32.334236 -8.349313 68.363946
-50.207524 -38.471098 29.132255
-9.760657 -3.951072 4.017740
-7.710065 -2.067153 3.420613
-5.652890 -1.555347 3.719903
-4.753016 -0.060379 6.343197
-3.524637 0.982178 13.835241
-6.084516 8.915456 103.566535
-10.356001 -26.076313 70.432696
-13.705678 -10.748329 10.900919
-8.106805 -3.985512 4.477756
-6.908841 -2.482725 3.780444
-5.252594 -1.643955 3.584385
-3.929761 -0.192686 6.299463
-1.527446 0.897520 15.264770
-0.935026 -10.649325 90.970102
-4.537499 -30.602156 71.268793
-7.598002 -6.671228 7.583289
-6.672796 -4.074298 4.616532
-4.042480 -0.829676 4.294748
-3.008849 -0.172094 6.014441
-1.202414 0.103035 13.683223
-0.534218 -9.166087 22.693272
-2.746074 -8.007904 15.365135
-5.262206 -5.255061 6.203294
-5.527139 -4.129959 4.419323
-3.562994 -0.690444 3.947530
-1.873102 0.157736 5.556923
-0.455003 -1.056344 10.468029
0.414812 -4.140845 12.614575
-2.313314 -4.959660 8.169419
-3.944608 -4.779823 5.313540
-4.719130 -3.061184 3.055379
-4.717499 -3.054132 3.046346
-3.104314 -0.715046 3.037916
-4.488655 -1.713680 3.178757
-1.933712 0.007106 5.054112
0.103057 -1.662927 6.819081
0.339588 -2.076856 7.166813
-1.746822 -3.955084 5.473544
-2.997376 -4.408893 4.351214
-4.658507 -3.069827 2.839216
-3.414488 -0.999999 1.574301
-1.566334 -0.575761 3.447002
-2.910103 -1.160214 1.717244
0.122249 -1.393893 4.157760
-0.312524 -2.077550 4.093406
-1.423030 -3.707904 3.830685
-2.529810 -4.600213 2.867801
-4.595081 -3.108906 2.755897
-4.130714 -1.979138 1.713730
-4.621490 -3.070007 2.784096
-4.161177 -2.056961 0.361309
-1.403772 -1.254762 1.958562
-2.716156 -1.964533 0.496949
-0.111912 -1.394318 2.219336
-0.545490 -2.602363 2.494904
-2.461453 -4.814543 2.613517
-3.790478 -4.591110 2.116385
-4.444272 -3.563861 1.339709
-3.771116 -4.278481 2.596677
-4.209636 -2.260936 0.497532
-4.413453 -3.182053 2.130215
-4.377860 -3.057720 -0.922802
-0.559868 -2.361899 -0.738165
-0.564441 -2.387194 -0.707117
-0.642168 -3.751125 0.877345
-1.246149 -4.827887 1.864899
-3.771066 -5.049169 1.578966
-4.631799 -4.300325 0.493938
-3.797076 -4.591296 2.106433
-4.941447 -3.168203 -0.949801
-4.678111 -4.420067 -2.835398
-0.566791 -3.145697 -2.480046
-0.440435 -3.005868 -0.790156
-1.134241 -5.077646 1.754211
-1.134384 -5.078881 1.754752
-3.797438 -5.853272 1.228916
-4.998435 -5.570122 -0.411170
-6.200051 -4.935750 -2.996147
-5.310295 -7.079253 -6.501200
-0.861261 -4.679369 -4.893567
-0.480880 -3.920888 -0.816560
-0.996862 -5.450667 1.750350
-1.001436 -5.477818 1.761002
-3.600733 -6.899328 1.096644
-6.004428 -8.036202 -1.464487
-10.640920 -10.104825 -8.465128
-6.346947 -13.299320 -15.120023
-0.753291 -4.789220 -4.370397
-0.194298 -4.822803 -0.843193
-3.248287 -8.083580 1.350269
-7.473808 -12.358018 -2.606947
-28.787649 -36.530160 -38.413199
-8.047350 -28.422936 -36.698863
-0.061354 -6.185447 -3.286765
0.235604 -5.550169 -0.706850
0.452902 -5.799088 0.893702
-1.342470 -7.350093 2.175808
-2.779332 -9.305165 1.874836
-18.878105 -36.033994 -8.984362
-10.675114 -45.498948 -47.827719
-1.952479 -16.886418 -14.168604
0.652009 -7.129324 -2.188355
1.282682 -6.495403 -0.223747
0.567909 -5.824596 0.944509
-0.717599 -7.766471 2.611691
-2.176440 -10.678921 2.911395
-29.771419 -79.576400 -0.845785
-22.409220 -74.919610 -11.692480
1.041827 -12.669194 -4.960168
1.435393 -7.652631 -1.392298
1.318079 -6.483537 -0.100794
0.875018 -6.021389 1.108817
-0.058071 -7.989596 3.313942
-1.312539 -12.493911 4.838250
-10.177126 -111.283307 6.759117
-4.958804 -105.772089 -2.756039
2.414361 -10.984751 -1.640737
2.188560 -7.851820 -0.623722
1.911415 -5.923954 1.130968
1.151903 -6.491493 2.747548
0.717384 -7.886674 3.925028
-0.241289 -14.885786 8.393114
0.357769 -123.602450 6.759117
-0.157625 -115.419174 0.552075
3.394089 -9.868723 0.026648
2.943311 -7.743736 0.092467
1.926848 -5.913300 1.135214
1.619637 -6.283142 3.079499
1.422180 -7.532223 4.834295
1.552523 -19.689476 16.488661
0.534798 -83.931921 35.306644
3.824075 -18.631543 2.709378
4.131111 -8.810817 1.106910
3.650201 -7.407378 0.568507
2.080227 -5.794866 1.686883
2.140772 -5.810496 3.323911
2.241145 -6.665352 5.796731
1.889235 -15.376345 13.546851
2.449586 -16.189482 12.844462
4.493849 -11.279427 3.092388
4.781959 -7.800623 1.657835
3.371530 -5.757596 0.817697
3.369081 -5.740231 0.819970
2.655233 -4.903339 3.450588
2.401610 -5.550212 1.835812
2.681123 -5.774793 6.043718
2.442525 -7.315051 7.537310
4.242452 -8.650668 5.825971
5.014360 -8.588475 3.214424
5.378633 -7.004066 1.644245
3.276905 -4.309649 1.587170
3.188779 -3.581472 2.997175
2.785818 -4.768027 4.899905
3.583874 -5.432021 4.960982
5.466986 -5.353335 3.708851
4.905852 -6.481280 4.319998
5.971296 -6.207375 2.842625
5.507462 -7.002849 3.015822
5.395646 -5.686132 0.169397
4.490721 -4.484422 -0.012851
4.726375 -6.115878 0.617729
3.911358 -3.125236 0.901572
3.736488 -5.208445 0.699087
3.766547 -2.699464 1.203713
3.383989 -3.710760 3.100751
5.331423 -3.818853 3.247622
4.634688 -4.501134 3.774891
6.131159 -4.933154 3.372055
5.617999 -5.409085 3.565487
6.090586 -6.268922 1.161807
6.569015 -5.234584 -0.586515
6.088811 -6.270038 1.155307
5.506575 -3.550314 -1.305769
4.664864 -1.934756 -0.913287
4.103714 -2.454090 0.487400
5.344147 -2.730152 2.165793
5.490439 -3.860735 3.282534
5.661892 -3.716159 3.296427
7.095465 -5.701383 2.319125
7.034360 -5.880143 0.843436
6.465404 -5.973490 2.480955
9.073729 -4.764724 -2.492768
7.528341 -1.034132 -5.197133
7.269959 -0.919834 -4.705991
5.599011 -1.907809 0.566636
5.498509 -2.754438 2.286644
6.004811 -3.587049 3.250857
7.876369 -5.410327 2.418962
6.638549 -4.766404 3.251677
8.659979 -5.747220 0.662951
20.292024 -3.662505 -12.937754
28.997481 -0.307172 -25.952182
7.170406 -0.762635 -3.836828
6.149380 -1.808932 0.972952
6.358668 -2.187950 2.757971
7.565337 -4.249408 3.678934
8.837694 -5.073002 2.965678
7.046468 -4.562820 3.298073
11.169204 -5.755682 0.874039
68.611023 8.915456 -47.756604
66.801018 9.116632 -49.456674
8.275556 -0.419433 -1.512880
6.787491 -1.501711 1.519231
6.353797 -2.210228 2.828269
8.049153 -3.818475 4.224622
6.668389 -3.240446 3.595084
9.945636 -4.719167 3.996174
17.163702 -6.332552 1.237058
96.460120 -14.028663 2.357478
43.768895 9.113502 -26.518167
8.630412 -0.093779 -0.064915
7.083312 -1.135645 2.008328
6.955764 -2.905936 3.951787
8.279721 -3.355873 5.001798
11.192255 -4.414695 5.579973
95.577614 -18.888301 5.755517
120.440816 8.915456 6.759117
31.755804 10.125970 -12.378147
8.704666 0.420073 1.096000
7.238743 -0.297684 2.918439
7.046041 -2.131055 4.884836
8.293374 -2.871838 5.881891
12.886285 -4.225910 8.281776
103.893837 -10.288290 6.759117
110.370178 17.764369 6.759117
21.807396 8.835783 -3.173621
8.521600 0.851199 2.116068
7.045255 -0.083290 3.166744
7.033154 -2.115911 4.889498
8.050023 -2.475227 6.860193
16.708878 -4.363054 15.107222
105.373032 8.915456 21.265472
79.848791 44.935181 6.759117
13.211099 5.178142 2.491782
8.077828 1.247887 3.006962
6.903780 0.043687 3.469658
6.453379 -1.431061 5.738817
7.466238 -2.067152 7.857109
42.190896 -8.173551 63.651016
80.333593 8.915456 45.752698
61.609533 50.129786 19.108798
10.327331 4.338171 4.126589
7.507104 1.549147 3.659477
6.129671 0.678013 3.996859
5.851728 -1.193108 6.071559
6.621518 -1.805862 8.809280
37.354474 0.803628 81.743298
42.333409 8.915456 83.849182
46.227992 48.275496 36.590299
8.408714 4.058143 4.927045
6.777148 1.874431 4.102443
5.700499 -0.472662 4.748516
5.242958 -1.030423 6.280757
5.467868 -1.867664 10.046264
21.391458 8.915456 105.477775
22.169465 13.086309 100.040835
10.120767 10.904920 13.197617
6.661790 3.632097 5.355651
5.955174 2.071206 4.357797
5.045701 0.861833 4.096664
4.416087 -1.003030 6.366409
3.518692 -2.131779 11.359652
9.326067 8.915456 118.176847
9.326067 19.122710 106.875123
5.440630 5.914965 8.934248
5.401321 3.508388 5.363073
4.725478 0.898150 3.920574
3.598970 -0.978022 6.172289
0.611316 -2.991872 12.806582
-5.632337 8.676445 92.301524
-1.662284 16.633008 74.675947
3.529579 4.247504 7.121451
4.269163 3.243526 5.078410
4.678575 0.906871 3.911611
4.635410 0.866815 3.904736
2.673879 -1.212555 5.723896
0.519426 -2.985480 12.427638
-1.611281 1.206669 18.609295
-0.610055 4.743565 16.863078
2.448026 3.383386 5.842962
3.445071 3.095384 4.564228
4.272579 0.879314 3.697264
3.292273 -0.351072 3.817435
1.752853 -1.659462 4.854604
-0.021127 -1.402517 8.811565
-1.186952 0.575225 10.315774
0.399384 2.619515 8.390930
1.788077 2.966026 4.710218
2.668776 3.147934 3.423550
3.844792 2.148265 2.951035
2.934578 -0.349645 2.957964
3.976349 0.853392 3.347177
1.530469 -1.811426 4.197352
-0.356842 -0.622681 6.145204
-0.779029 -0.039263 6.494321
0.483789 2.048120 5.639674
1.409430 2.970027 3.704921
2.720333 3.141037 3.342278
2.910003 -0.458085 1.534315
0.966994 -1.126566 1.758640
0.204501 -1.305814 3.676836
-0.074613 0.115159 3.928399
0.413008 2.014303 2.808320
0.504327 1.922310 3.925535
1.343353 3.421539 2.830915
3.665408 2.773455 1.742808
2.700728 3.245802 2.955991
3.836650 1.592136 0.728588
3.707307 2.263911 2.469325
3.173850 -0.264870 -0.685588
3.059164 -0.555073 -1.027261
1.024941 -0.758078 1.629523
0.301206 0.911676 2.328359
0.301082 2.716800 2.326529
2.602817 4.100354 2.061525
1.367160 3.450057 2.811039
3.681710 3.795217 0.953607
2.705020 3.499075 2.561204
4.403580 2.445133 -0.686270
3.272862 -0.494727 -1.415230
3.153039 -0.491538 -1.386235
0.476146 1.480230 -0.357380
0.025533 2.084472 0.965771
0.290890 2.731069 2.317099
2.155500 5.049830 1.777274
3.750130 4.478158 0.698346
4.326589 3.282440 -0.191709
3.845648 2.747505 -0.606814
0.953377 1.268431 -0.776458
0.296350 1.570134 -0.584080
-0.367597 2.631469 0.724826
1.236589 3.828334 2.525433
1.993725 5.621926 1.743930
2.857944 5.276771 1.367570
2.930243 4.761221 0.350823
1.727418 4.696268 -1.025958
2.451430 3.879093 -0.719509
0.848708 3.743700 -1.419250
0.221318 2.295413 -0.700796
-0.360177 2.112335 -0.406189
-1.003295 3.181074 0.509256
0.343194 5.154253 2.059480
-0.059801 3.484933 1.867703
1.061166 5.734328 1.998093
1.509883 5.764034 1.312761
1.955795 5.455637 -0.021173
0.773304 3.734309 -1.431388
-0.325590 3.121415 -0.794261
-1.925336 3.578384 0.252645
-1.262403 4.537936 1.646266
-0.946342 6.920296 0.283557
0.732200 6.354662 0.781822
0.475688 7.212364 -0.154615
1.496100 5.996333 -0.485059
1.332973 6.472625 -0.952423
0.313707 4.336898 -2.064697
0.276507 4.331415 -2.057314
-1.893511 3.919456 -0.009709
-2.021551 3.891617 0.171268
-1.993577 6.073645 0.036386
-0.502048 5.910998 1.315978
-1.228980 8.795763 -0.705163
0.500492 8.439952 -1.289401
1.344149 6.909422 -2.073677
0.234984 4.454291 -2.472534
0.200760 4.448732 -2.464056
-2.098592 4.834120 -0.888588
-2.870092 6.876920 -0.720937
-1.868721 8.484897 -0.624610
-1.358920 12.508403 -2.317343
0.964640 10.680771 -3.111390
1.595683 7.435398 -3.326371
0.910493 5.451102 -3.358466
0.093752 4.426560 -2.543735
-2.246616 5.281926 -1.646952
-2.841430 6.893541 -0.947730
-2.927320 11.369318 -1.910149
-4.158533 35.186786 -9.731659
3.147153 19.159306 -8.703397
2.058489 7.662179 -5.230584
0.989985 5.322334 -4.276507
-0.358493 4.340678 -3.630812
-2.434041 5.419565 -2.338386
-3.031302 7.080065 -2.084937
-3.775938 11.908338 -4.032435
9.326067 80.953410 -35.756392
12.143692 66.719282 -49.169537
3.177486 7.717666 -7.856537
0.837149 4.870461 -5.010268
-0.448254 4.133626 -3.965701
-2.934807 5.124439 -3.524757
-3.836107 6.748183 -4.038549
-5.554307 12.441480 -6.841542
9.326067 58.056837 -63.754828
9.326067 53.618031 -69.277634
4.112855 6.745381 -10.512444
0.708113 4.162100 -5.602888
-0.565692 4.057617 -3.978625
-3.263910 4.736247 -3.988263
-4.439489 6.143931 -4.847298
-8.769484 13.657691 -10.895445
0.932004 36.904257 -81.876250
9.326067 36.290450 -91.324241
6.813550 4.639522 -15.802479
0.553520 3.219570 -6.107773
-0.985658 3.240663 -4.619247
-3.587372 4.229299 -4.186650
-5.216234 5.571264 -5.322323
-17.130490 17.515778 -19.724588
-7.991092 17.177383 -98.268257
9.326067 11.575706 -123.419993
14.831439 -1.290176 -28.865143
0.401183 2.184237 -6.318147
-1.242711 2.663987 -4.697599
-3.922269 3.759021 -4.257839
-5.945979 4.828074 -5.564392
-44.256171 25.931509 -44.666014
-10.369309 8.915456 -106.707605
9.326067 8.915456 -126.930205
14.926148 -3.519309 -28.538613
0.183232 1.347234 -6.214649
-1.488644 2.158817 -4.632650
-4.216606 3.168003 -4.229651
-6.913543 3.923273 -5.552346
-57.538075 13.866338 -52.308803
-14.648281 -6.196851 -85.355356
9.326067 -17.776892 -96.976576
8.459570 -4.468565 -20.567572
0.072768 0.544925 -5.886021
-1.631441 1.676865 -4.389771
-4.493264 2.639148 -3.967776
-8.048806 3.036865 -5.221371
-69.836093 8.915456 -46.622024
-57.241624 -3.188962 -45.823076
6.502007 -34.697123 -75.486792
4.006515 -4.923898 -14.408408
-0.092305 -0.185761 -5.308209
-1.739387 1.217136 -4.001846
-4.692795 2.188131 -3.585257
-8.823207 2.213129 -4.645605
-69.450166 2.902145 -40.402491
-54.804574 -14.544672 -36.018608
-10.522079 -39.091349 -53.663744
1.592037 -5.043802 -10.366478
-0.104468 -0.644521 -4.692419
-1.809152 0.912410 -3.574666
-4.847552 1.770252 -3.062074
-9.721957 1.442859 -3.722972
-63.316410 -9.816378 -32.753430
-22.156058 -22.752839 -22.091161
-6.651935 -11.712970 -12.940199
0.273485 -4.742793 -7.458990
0.025804 -0.989612 -3.935886
-1.793738 0.700386 -3.052162
-4.943202 1.546210 -2.450539
-9.638547 1.313171 -3.620138
-17.906750 -6.845869 -10.124174
-8.788926 -7.674518 -6.112746
-4.673719 -6.238521 -5.737517
-0.488054 -4.320258 -5.146937
0.099946 -1.092622 -3.187275
-1.748497 0.678397 -2.664847
-4.979511 1.468461 -1.833404
-8.847245 0.439032 -2.614799
-9.468327 -4.258731 -4.597225
-5.935330 -4.395461 -2.526221
-1.250124 -3.678783 -3.312479
0.742837 -1.819215 -3.385327
0.157744 -0.968824 -2.496499
-1.824176 0.667514 -2.469818
-4.892593 1.474674 -1.203731
-7.061728 0.840375 -1.516121
-6.461267 -3.053885 -2.216764
-4.772100 -2.847932 -0.718124
-1.207785 -2.701826 -1.677677
0.376302 -1.732838 -2.380919
-0.062190 -0.752603 -2.275998
-1.582760 0.834220 -1.601876
-4.738478 1.708930 -0.478577
-6.087616 0.964953 -0.761572
-4.989394 -2.255360 -0.714042
-4.030219 -1.721415 0.523699
-2.144130 -1.342933 1.042752
-0.631355 -2.202663 -0.404583
-0.235017 -2.134018 -0.941870
-0.436131 0.035848 -1.753189
-1.330688 1.177886 -1.114680
-4.699620 1.754079 -0.422126
-4.780818 1.712601 -0.460336
-4.063306 -1.586126 0.484967
-3.977790 0.266247 1.037318
-1.457432 -1.037260 2.147650
0.010928 -1.382197 1.733118
-0.727119 -1.232408 0.275478
-0.222039 1.468333 -0.544074
-0.900608 1.816786 -0.537136
-3.994492 2.121221 -0.200501
-4.601210 1.536570 0.555570
-3.422409 -0.971893 1.569267
-1.029672 -0.645350 3.243202
0.119611 -1.198997 2.758925
0.396283 -0.277325 1.771599
0.017002 1.622591 -0.453347
-2.234227 3.150849 0.190641
-2.420484 3.246061 0.250944
-3.791526 2.087119 0.687397
-2.773445 0.069078 3.050344
-0.730974 -0.429008 4.230863
-0.441012 -0.522405 4.282223
0.203389 0.260805 2.065971
0.036970 2.219555 1.933321
-0.660437 2.489760 0.321387
-2.327739 3.336847 0.278220
-3.914348 1.934890 1.765296
-2.772198 0.123229 3.056949
-0.755758 -0.131507 5.624799
-0.551243 -0.343575 4.826616
0.051419 1.178515 2.798616
-0.572319 3.633157 1.716700
-1.846965 3.839786 0.926590
-2.140406 3.635235 1.198766
-3.000892 3.536679 2.883782
-3.434194 3.279605 3.348252
-2.408938 1.508888 4.644017
-3.245482 1.794148 2.887555
-1.213851 0.778390 8.422895
-0.402150 0.593663 4.909458
0.488487 2.178312 3.730175
-0.472051 3.851476 1.804862
-1.501259 4.288837 1.481975
-2.632650 4.530212 3.655191
-1.928115 4.049667 1.969436
-3.063088 4.572737 4.123177
-2.009901 2.275865 6.537738
-2.995483 2.584137 3.850089
-0.997479 2.219503 10.684225
0.594843 2.253669 5.568495
0.944583 2.716749 3.824999
-0.430583 4.009825 1.909651
-1.187706 4.643682 1.759896
-1.801877 5.567253 4.125408
-1.610025 4.628195 2.419406
-2.399628 5.243474 6.448003
-1.323043 2.667277 9.809028
-1.002492 2.429064 11.107760
0.721599 2.427058 5.399036
1.313516 2.896548 3.827811
0.543582 4.979139 2.182676
-0.727092 6.619235 4.480423
-0.981638 5.358915 2.736418
-1.933626 7.735222 9.111598
-0.656153 4.287072 14.756345
0.521824 3.576107 9.670290
1.344907 2.981535 5.377704
1.477710 3.051970 3.806244
1.205163 5.263445 2.163031
1.086534 5.734468 2.000758
0.804085 7.338967 4.569210
-0.074420 5.990248 2.950841
-0.286374 16.507745 19.568935
1.324381 18.067378 39.326366
2.031093 4.288180 8.306775
2.029432 3.280337 5.263247
2.436976 3.236284 3.492686
2.017480 5.386631 1.836934
1.995878 5.621840 1.743750
2.382253 7.847490 4.371886
9.636312 54.534886 68.429308
9.326067 44.595528 78.939091
3.178239 4.448384 7.547778
3.195571 3.375658 4.998819
2.684361 3.881843 2.322813
2.787923 5.337653 1.423696
2.741328 5.360996 1.447072
4.345689 8.482424 4.073765
12.778432 53.632553 65.986260
14.872259 46.375500 71.173398
4.172448 4.361312 6.592299
3.372368 3.321688 4.854654
2.720239 3.844373 2.341014
3.456085 4.910573 1.048938
4.676007 6.448201 1.762611
7.455505 9.398102 3.368741
29.942781 47.675330 53.974986
14.810433 21.527509 25.573878
4.998734 3.931549 5.690043
3.906408 3.121037 4.526789
3.576329 3.172056 1.897025
3.985885 4.282679 0.532746
5.735427 5.821139 0.858853
11.276402 10.229612 2.179896
64.251141 51.569588 14.981571
9.397535 8.192421 8.794950
5.556252 3.345343 5.053373
3.844947 2.151749 2.958017
3.812279 2.648742 1.598643
4.505519 3.621288 -0.032099
6.911505 5.061673 -0.219936
25.415017 14.858450 -1.319283
69.530292 51.542058 9.745980
8.599697 5.613151 6.096044
5.971655 2.605369 4.464054
3.971647 2.154647 1.395815
4.655745 2.680832 -0.669772
8.142793 3.717688 -1.869708
31.429737 17.030244 -2.685673
33.761988 19.236293 -1.943897
8.305832 3.793858 4.609627
6.161332 1.773970 4.060674
4.794132 1.126809 3.848859
3.901776 1.433124 1.251540
4.501055 1.463706 -1.259582
9.118008 1.393279 -4.096785
19.324748 6.459313 -5.832213
12.300789 3.769081 0.570279
7.860405 2.225096 3.617450
3.683514 0.554909 1.276753
4.163936 -0.131262 -1.797983
9.165020 0.295065 -4.877365
11.002204 1.297757 -5.290301
9.041921 1.014473 1.158077
7.404358 0.953920 3.176443
4.703588 0.742115 3.920965
4.633498 0.759197 3.907455
2.965815 -0.419309 1.474584
3.747872 -0.643489 -1.804465
5.974483 -0.989298 -3.520089
7.038970 -0.814294 -1.146936
7.483802 -0.430480 1.662509
7.024222 -0.089958 3.184134
4.361886 -0.082259 4.426095
3.215273 -0.483253 3.729706
4.573653 0.375896 4.039647
2.169750 -1.552173 2.263998
2.740381 -1.063556 0.251359
4.394168 -2.013291 -0.400878
5.858159 -1.837415 0.934159
6.640427 -1.453141 2.294869
6.591946 -1.257087 3.899983
4.178048 -0.686312 5.205797
5.691126 -0.365819 4.543841
2.644330 -1.291809 4.857591
1.541886 -1.869225 4.503549
2.165798 -1.556028 2.259100
3.739288 -2.717055 1.562186
5.400096 -2.651438 2.172970
6.591610 -1.257217 3.902125
6.555778 -1.248537 3.969444
4.331525 -1.246873 6.728248
5.659976 -0.757579 5.033108
1.445795 -2.321413 7.335937
1.135962 -2.455300 7.402258
2.498073 -3.833914 4.838222
3.995167 -3.402755 2.966452
5.617561 -3.636020 3.278124
6.737181 -1.896077 4.666702
5.879630 -1.235856 5.814803
6.512866 -1.463158 4.270893
4.949823 -1.881596 9.151138
0.523564 -3.047112 12.960576
1.119291 -4.091561 9.800922
2.724524 -5.057123 5.474741
4.474391 -4.498914 3.885432
7.166027 -2.369560 5.086121
6.544793 -2.758392 3.673443
6.721727 -1.879497 6.666891
6.466282 -3.077546 17.180923
0.236796 -6.069415 37.745724
1.380629 -6.923955 12.128330
3.137055 -5.573874 5.552451
4.666036 -4.617819 3.969926
5.863120 -4.019954 3.502984
7.804422 -3.010654 5.264343
8.115151 -2.580336 7.664668
19.665331 -10.485543 90.063884
9.326067 -11.618879 99.832172
1.632247 -10.863911 14.320914
3.671451 -5.933510 5.566666
5.046329 -5.090456 4.110070
7.487920 -4.159831 3.798134
8.659131 -3.716524 5.101586
10.580457 -3.614567 8.649905
23.794856 -18.173387 79.564353
9.326067 -29.035878 85.715313
1.835630 -14.096589 14.791346
4.605140 -7.170281 5.212128
5.316844 -5.516235 4.015122
7.869188 -4.703602 3.529531
6.296963 -4.718934 3.466597
9.537064 -4.492253 4.551237
15.987390 -5.062760 10.487587
70.350058 -16.146123 34.325907
9.326067 -45.594191 72.576999
1.819575 -16.458952 14.314282
4.690775 -7.149184 5.052243
5.622861 -5.969091 3.790775
8.143733 -5.202315 3.002685
10.585313 -5.131289 3.760604
46.483352 -11.619838 21.999084
75.431010 -27.624103 20.605486
9.326067 -73.339337 51.313836
2.734630 -15.419644 11.972085
5.084614 -7.625690 4.526053
5.772068 -6.723149 3.037066
8.304243 -5.579473 2.315865
11.504888 -5.747281 2.595801
87.849427 -19.293298 14.820509
80.566369 -39.583188 6.759117
9.326067 -89.829060 39.131618
4.013276 -14.459796 8.461434
5.134719 -8.459288 3.396419
5.791154 -6.709018 2.970347
8.321284 -5.808723 1.592780
12.857113 -6.066928 0.911257
96.291509 -19.183327 6.759117
36.458899 -94.786308 9.178897
9.326067 -112.564960 22.694518
4.501794 -13.845678 5.808729
5.146028 -8.374671 3.240107
5.613543 -7.093036 2.090844
8.195247 -5.889499 0.836938
14.016011 -6.202570 -1.378103
84.340437 -17.455847 -7.402469
34.623552 -100.658214 6.759117
9.326067 -134.991435 6.759117
4.566395 -13.034374 3.694342
5.061311 -8.490178 2.546016
6.327353 -6.242820 1.020000
7.874763 -5.890175 0.096635
15.360266 -5.846976 -4.589423
72.746873 -13.302965 -23.414831
22.248226 -95.757819 -11.027954
9.326067 -122.805948 -3.230965
4.438746 -11.975725 2.073620
4.870717 -8.454511 1.849264
6.299651 -6.248549 1.014617
7.513520 -5.680956 -0.517241
17.212743 -4.787339 -8.816311
59.944237 -3.061746 -46.366462
9.326067 -91.623459 -29.163202
7.567366 -90.336204 -28.392978
4.049688 -10.947990 0.773373
4.510256 -8.278891 1.187740
5.586124 -5.887104 0.241349
7.101155 -5.204359 -1.098384
18.734701 -2.690484 -14.086093
58.077861 1.769237 -52.703622
9.326067 -44.153998 -70.085954
-0.873296 -46.612092 -20.933821
3.410546 -10.165664 -0.050777
3.817530 -7.879535 0.578748
5.239101 -5.556583 0.023269
6.617897 -4.716543 -1.513958
19.865729 -0.909837 -17.687789
39.671444 -4.891832 -68.543922
9.326067 -34.224428 -78.879991
0.634628 -16.698742 -7.974134
2.943458 -9.015842 -0.646671
3.509391 -7.568515 0.369618
4.863279 -5.198188 -0.078692
6.072723 -3.964697 -1.789394
14.983035 -1.445661 -14.717160
14.317259 -29.407868 -77.110119
-4.267555 -18.029645 -23.240019
0.990156 -10.051485 -4.532153
2.328664 -8.131701 -0.814280
3.518022 -5.889955 0.682524
4.404223 -4.696084 0.004229
5.477298 -2.989021 -1.784653
8.277660 -1.943277 -9.827922
3.040494 -9.279196 -20.087789
-1.455904 -8.277404 -10.213961
0.770626 -7.800033 -3.158033
1.870413 -7.250934 -0.716949
4.051225 -4.293369 0.204715
5.016347 -2.242404 -1.597825
5.033647 -1.953882 -6.941434
0.915521 -5.757479 -10.171254
-0.799107 -5.099028 -5.731954
0.522874 -6.224056 -1.990711
1.273604 -6.484562 -0.356404
1.973224 -5.945050 1.034366
3.758961 -3.871941 0.542816
4.804412 -1.805961 -1.335733
5.308771 -0.957729 -3.104302
1.718385 -2.424648 -6.162452
-0.472883 -3.361797 -2.958689
0.127442 -5.229636 -0.922034
3.477507 -3.333966 1.299358
4.206523 -1.659048 -0.889261
3.890725 -0.706350 -1.958041
0.748815 -1.824636 -3.400334
-0.391981 -3.290183 -0.552585
-0.097631 -4.861323 0.101492
1.975945 -5.854291 1.268134
3.147265 -3.250898 2.501982
2.910408 -1.467994 0.484224
2.733925 -1.067249 0.260647
-0.228543 -2.134708 -0.953499
-0.546672 -3.554372 0.889269
0.561901 -5.821476 0.957759
1.875644 -5.860896 1.538327
2.404502 -5.014529 2.956264
1.903642 -5.848063 1.609198
2.628246 -3.462856 3.681420
1.339044 -1.688933 3.671287
0.218153 -1.318748 3.267715
-0.089185 -1.643016 1.343437
-0.901277 -5.385303 1.717282
-0.901743 -5.388710 1.717729
1.209162 -6.445476 2.843610
2.133853 -5.603535 4.058591
1.610574 -5.919390 2.237850
2.209109 -3.970950 5.375251
1.156574 -2.149494 5.788148
0.419694 -1.818867 5.504426
-0.454531 -2.474051 2.534811
-0.996112 -5.484113 1.762845
0.774822 -7.051342 3.391143
1.809397 -7.005105 5.511963
1.616779 -5.001219 8.345767
0.665923 -2.966997 9.440159
0.418287 -1.818461 5.507437
-1.369021 -3.659178 3.889564
-1.121740 -5.534413 1.852163
-0.972291 -6.974624 2.282525
-0.111611 -8.162615 3.533821
1.079374 -9.783387 7.296408
0.528740 -6.934855 15.089026
0.111766 -6.223854 15.980549
-0.763501 -3.440608 5.879180
-1.503510 -3.848447 3.844871
-2.462048 -4.866994 2.501999
-1.783907 -7.472551 2.192320
-1.495743 -5.795144 1.982835
-1.364809 -9.500852 3.403960
0.321106 -19.525399 14.154881
-1.121441 -19.647055 36.571286
-0.078614 -7.413464 18.629150
-1.849838 -4.310249 5.865815
-2.665629 -4.468383 3.901193
-2.846534 -6.112917 1.827773
-2.852698 -7.889876 1.713588
-3.237947 -12.350458 2.907589
-11.047246 -74.680835 32.233690
-2.171016 -63.314531 48.019805
-2.675167 -7.377137 13.554541
-2.704784 -4.768892 5.549521
-2.671317 -4.471253 3.892685
-3.548633 -5.929013 1.481387
-3.969602 -8.059862 1.019140
-7.431017 -19.365412 1.253225
-29.741886 -88.806574 6.759117
-13.305083 -57.376468 43.507248
-4.449019 -6.933970 9.764233
-3.870746 -4.780268 5.266050
-3.460794 -4.803038 2.365372
-4.106800 -5.715197 1.130695
-5.026792 -8.122121 0.038013
-31.282144 -67.146743 -9.851550
-30.154686 -88.373307 6.759117
-28.179970 -49.718852 37.518177
-5.559981 -6.351887 7.640853
-4.264062 -4.738478 4.924086
-3.881701 -4.553760 2.123871
-4.583756 -5.318722 0.729318
-6.245297 -8.178629 -1.708733
-34.354069 -63.524774 -10.244992
-46.720371 -71.405210 6.759117
-48.994269 -38.480248 30.044918
-6.399850 -5.640710 6.100808
-5.503822 -4.077828 4.257913
-3.891730 -4.555465 2.103569
-4.944720 -4.623326 0.086809
-7.744541 -7.390507 -4.100372
-44.818271 -47.927110 -14.580610
-78.797589 -39.769784 6.759117
-17.112212 -11.196653 8.498608
-7.020107 -4.756506 5.060844
-5.454074 -3.962598 4.076741
-4.468575 -3.818929 1.600106
-5.079485 -3.821088 -0.458791
-8.454959 -7.285655 -5.656392
-62.354740 -18.562289 -25.479708
-75.335487 -34.742987 -0.449846
-11.969740 -5.806219 4.638028
-7.170756 -3.913101 4.288071
-4.576634 -3.252092 1.379836
-4.955271 -3.180012 -0.963947
-8.467945 -5.279270 -4.353400
-65.007238 -16.377679 -25.218274
-65.672608 -17.562196 -23.598440
-9.943386 -3.521899 3.303986
-7.198674 -2.974014 3.784465
-4.707318 -2.944235 2.795684
-4.547565 -2.640512 1.198692
-5.013617 -2.946314 -0.887062
-8.056206 -3.028249 -2.996388
-21.209018 -2.816248 -9.169739
-14.389487 -2.216338 -2.039101
-8.949041 -1.977877 2.738204
-7.039614 -2.000411 3.428220
-5.449530 -1.777920 3.502412
-4.250211 -1.986624 1.021168
-5.116348 -1.565065 -0.328104
-7.335225 -0.747463 -1.834970
-9.787185 0.151690 -3.015727
-9.262264 -0.235617 0.312437
-7.983234 -0.811834 2.604296
-5.382031 -1.653655 3.571717
-3.781937 -1.221887 1.273801
-4.710853 -0.265978 0.279446
-3.594580 -0.299768 1.839711
-6.114984 0.957217 -0.771380
-6.327012 0.945819 -0.407524
-7.318055 0.638267 1.457554
-7.271858 -0.022257 2.905108
-5.282122 -1.631859 3.589022
-5.247725 -1.641116 3.584618
-4.166249 0.731961 1.171267
-3.124466 0.478460 2.813385
-4.585166 1.534139 0.604345
-5.446192 1.449173 1.313062
-6.138466 1.807728 2.839144
-6.640987 0.864464 3.766612
-6.645169 0.834863 3.834544
-4.710555 -0.786963 4.401237
-6.160692 -0.534260 3.931417
-3.446346 -0.580673 3.850375
-5.027462 -1.211246 3.815131
-2.627852 -0.236926 3.240817
-3.719549 1.584285 2.190090
-2.925269 1.247075 3.909935
-3.924821 2.000548 1.933501
-5.033926 2.121200 2.283037
-6.636933 0.852357 3.819659
-5.947028 0.331866 5.195022
-4.511059 -0.157428 5.576202
-6.002328 -0.195504 4.414248
-2.679882 0.015092 5.226742
-2.073713 0.123866 5.167475
-3.527149 3.007982 3.313827
-3.564239 3.102922 3.249190
-5.195397 2.976277 3.031696
-6.720282 1.696411 4.732585
-6.214763 0.953953 6.191499
-4.361664 0.413711 7.762821
-1.244094 0.567642 8.489620
-1.866587 1.242182 6.991395
-2.840554 3.661452 4.974760
-3.817489 3.798403 3.535404
-6.998244 2.369438 5.055089
-6.884625 1.772057 7.148223
-4.224013 1.050338 12.500970
-1.565772 1.009782 15.951930
-2.095831 3.089513 7.693886
-2.923781 4.822071 5.048883
-4.014447 3.864484 3.517424
-6.452929 2.922889 3.790593
-7.576404 3.098437 5.261910
-8.294618 2.927268 8.583048
-4.338124 6.330444 66.095860
-3.691193 6.261286 57.417646
-2.164468 5.183521 8.502067
-2.949691 5.236786 4.754272
-4.350534 4.385796 3.567046
-7.068882 4.005505 3.733651
-8.300393 3.944907 5.153180
-10.937443 4.634440 10.526265
-6.220002 9.608955 102.670225
-3.006221 18.475416 95.899949
-2.081466 7.362733 8.618027
-3.496886 5.703385 4.544939
-4.612999 4.911041 3.415192
-7.342937 4.525493 3.446965
-9.071272 4.687999 4.831876
-18.531434 8.276489 16.143647
-7.997948 28.162998 81.821916
2.378589 34.091101 83.865596
-2.037754 8.112284 8.265704
-4.006627 6.411893 4.063709
-4.926285 5.416089 3.142002
-7.653444 4.848121 3.016768
-10.051148 5.321084 4.277204
-62.238323 27.725696 40.415360
-10.797313 44.037203 63.326025
4.387322 52.340145 66.727997
-2.999764 8.750032 6.944476
-4.571933 7.334335 2.846401
-6.383934 5.264222 2.075019
-7.939835 5.168761 2.341176
-11.154243 5.868076 3.279758
-76.658691 30.547003 26.882370
-62.717107 39.065935 28.834817
-9.989377 72.722667 35.397762
-4.241868 10.225974 4.270445
-4.611666 7.259373 2.706555
-8.123015 5.351230 1.553437
-13.220434 6.267761 1.656697
-100.815081 33.032793 6.759117
-70.052871 51.888195 11.010602
-13.634564 86.120098 19.756924
-4.384068 10.545414 2.954810
-4.546666 7.569129 1.414052
-6.385458 5.415119 1.086464
-8.172794 5.248069 0.802757
-14.687812 6.324112 -0.377390
-99.791335 32.359032 5.191869
-19.651806 95.150873 6.759117
-14.673878 99.030944 6.759117
-4.208179 10.623192 1.455074
-4.305161 7.381447 0.624626
-6.289397 5.243313 0.618695
-8.098719 5.086690 0.148210
-16.359216 5.960568 -2.537952
-88.350457 23.363421 -14.198251
-14.995048 89.386739 -3.432058
-13.240456 91.018795 -3.145183
-3.732530 10.358735 -0.025747
-4.013949 7.038772 0.068693
-8.025803 4.641601 -0.590372
-20.536288 4.500915 -6.958107
-81.975014 8.915456 -35.929697
-8.008032 78.016726 -22.016279
-7.092456 73.023202 -22.262492
-3.138900 9.891467 -1.097790
-3.567026 6.661091 -0.306619
-5.870459 4.604396 -0.314871
-7.832685 3.925084 -1.232910
-25.649331 1.641706 -12.564128
-78.033077 8.915456 -39.349069
-22.258484 54.032469 -36.665366
-5.138862 17.203274 -6.606256
-3.007880 9.552487 -1.171656
-3.255407 6.295136 -0.525513
-5.614372 4.216714 -0.521256
-7.540847 3.191292 -1.697122
-21.154154 2.248214 -10.720823
-24.435256 7.857076 -18.634419
-13.415611 12.793222 -14.252311
-4.607133 10.432336 -4.799073
-3.169988 8.354404 -1.704628
-2.847421 5.834324 -0.595978
-5.215131 3.753090 -0.670362
-7.146978 2.324925 -1.882990
-10.947835 1.537321 -4.368300
-10.124585 3.310360 -6.242299
-6.439641 6.523635 -6.258911
-4.059790 7.334953 -4.026852
-2.894850 6.682590 -0.719797
-2.769139 5.620696 -0.560460
-4.685024 2.941934 -0.571304
-4.107882 4.611842 -0.391675
-6.901682 1.513158 -1.872853
-8.211880 1.546233 -2.837103
-6.734728 3.131262 -4.623675
-4.728526 4.864395 -4.653832
-3.467880 5.720393 -3.616211
-2.838525 5.794003 -0.590544
-2.168971 4.110845 -0.007081
-4.163652 2.050506 -0.294669
-6.198958 1.523007 -1.515381
-6.113599 1.618444 -1.973405
-5.101790 2.692588 -3.873272
-3.801561 3.949704 -4.177789
-2.389762 5.253918 -2.302355
-2.461412 5.065152 -0.679935
-2.582562 3.150498 0.182960
-2.466579 1.655668 -1.143298
-4.016514 1.781713 -0.826313
-4.230162 1.610104 -2.152580
-2.887733 1.786042 -3.466957
-3.800357 2.277178 -3.513514
-3.002834 3.349353 -3.970359
-1.315722 4.441769 -2.283777
-1.998299 4.408928 -0.847873
-0.574221 2.251580 -0.395748
-0.653833 2.143175 -0.460447
-1.661237 0.626510 -2.590574
-2.463540 1.637638 -1.169226
-1.649892 0.658872 -2.821300
-1.773902 1.525982 -4.037980
-1.680609 2.773429 -4.286488
-1.698809 4.101431 -3.516720
-1.307996 4.440012 -2.277086
-0.801793 3.707049 -1.083219
-0.396360 2.134964 -0.407987
0.140331 0.500397 -1.629141
-0.022114 -0.663630 -2.338130
-0.324005 -0.465671 -3.482478
-0.729220 1.158499 -4.873042
-0.709919 2.952653 -4.780627
-0.490801 4.117105 -3.859366
-0.141514 4.306169 -2.490062
0.383514 2.098332 -0.832301
1.693102 0.101512 -1.673115
1.917661 -1.753986 -4.403747
1.860363 -2.437439 -6.439003
0.856852 0.445759 -6.650195
0.176586 3.114347 -5.520434
0.037867 4.258892 -4.077529
1.884034 2.542606 -1.160023
3.466169 0.325608 -1.476900
4.876638 -1.350553 -4.883617
6.675791 -3.021942 -14.809993
4.994173 -0.928573 -12.437580
1.173828 3.877289 -6.246583
0.521953 4.649330 -4.118921
1.881929 2.717511 -1.163647
4.485253 1.425380 -1.279010
7.992707 -0.520679 -5.024198
21.064562 -3.172619 -34.917897
28.125669 -4.169901 -49.693231
2.031825 5.094373 -6.750378
0.981313 5.266380 -4.039264
0.512891 4.595203 -2.520081
2.781246 3.632371 -0.793323
4.445507 1.564350 -1.190505
8.771122 0.094089 -4.807104
53.932500 7.486412 -64.017098
44.283431 8.915456 -77.780726
3.021646 7.214383 -7.638682
1.460730 6.070945 -3.771999
1.194191 5.444106 -2.261684
3.020120 4.137510 -0.435872
4.843998 2.526170 -0.948115
9.169875 1.578312 -4.058992
55.373596 8.915456 -63.789703
53.515287 8.915456 -66.104506
3.969177 9.935410 -8.232853
1.624898 7.017926 -3.396240
1.219687 5.455499 -2.178156
3.145963 4.595071 0.134825
5.042987 3.485344 -0.536957
9.219747 3.591398 -2.759921
67.127148 13.682093 -43.531207
55.783077 21.741117 -47.771640
4.684931 13.548391 -9.168262
1.640875 7.669558 -2.935156
1.502340 6.328462 -1.502154
3.055137 4.999310 0.730403
5.026712 4.571716 0.110252
8.907363 6.179004 -0.495817
70.784491 40.170965 -8.179613
20.582007 63.166287 -42.206902
4.989605 19.281615 -10.615887
1.492126 8.215119 -2.439468
1.377347 6.659429 -1.130872
2.762647 5.365815 1.339751
4.718493 5.526807 0.869681
8.053088 7.732092 1.279183
72.717214 51.394702 6.759117
14.338618 73.524771 -37.999952
4.348280 26.333811 -12.044312
1.104810 8.706661 -1.969568
1.163600 6.970308 -0.696101
2.585811 5.442991 1.499618
2.814699 5.326007 1.399242
7.096056 9.004410 3.098639
47.936445 77.785336 6.759117
46.702924 78.690331 6.290037
2.527647 32.306906 -12.364288
0.598864 9.052446 -1.614837
0.786039 7.154581 -0.333620
3.474113 6.820922 2.452993
5.206946 10.242777 5.353229
46.515610 79.326268 6.759117
24.954259 102.901814 6.759117
-1.243925 39.958223 -12.681231
0.052982 9.239842 -1.235720
0.379753 7.254340 -0.074612
1.570817 7.352408 3.702929
3.096574 10.880922 7.461405
10.914520 90.068001 33.296855
9.326067 120.235613 6.759117
-4.602000 41.450577 -11.755782
-0.585311 9.294207 -0.964148
0.356624 7.226694 -0.040267
0.256272 5.671134 2.117361
0.374503 7.138855 4.147571
0.724328 11.002158 9.566238
9.326067 91.577105 33.546870
-2.111286 110.039858 6.759117
-4.069187 29.008068 -6.227211
-1.152851 9.198242 -0.834235
-0.463667 7.180556 0.267514
