-1.149130 7.624410 2.253680 0.991416 
-1.149120 7.624430 2.253680 0.991421 
-1.149120 7.624430 2.253690 0.991414 
-1.149120 7.624430 2.253680 0.991420 
-1.149120 7.624430 2.253680 0.991420 
-1.149130 7.624420 2.253670 0.991418 
-2.013990 7.094200 2.223410 0.993073 
-2.013990 7.094210 2.223410 0.993075 
-2.013990 7.094210 2.223410 0.993076 
-2.013990 7.094220 2.223410 0.993075 
-2.013990 7.094220 2.223410 0.993075 
-2.014000 7.094220 2.223400 0.993070 
-2.753500 6.394660 2.071360 1.001376 
-2.753500 6.394670 2.071360 1.001377 
-2.753500 6.394680 2.071370 1.001374 
-2.753500 6.394680 2.071370 1.001377 
-2.753500 6.394680 2.071360 1.001377 
-2.753500 6.394680 2.071360 1.001377 
-3.383830 5.616510 1.843740 1.009931 
-3.383830 5.616500 1.843750 1.009930 
-3.383830 5.616510 1.843750 1.009930 
-3.383840 5.616520 1.843750 1.009924 
-3.383830 5.616510 1.843740 1.009929 
-3.383830 5.616510 1.843740 1.009930 
-3.928710 4.794760 1.612900 1.014489 
-3.928710 4.794760 1.612900 1.014489 
-3.928730 4.794730 1.612910 1.014487 
-3.928710 4.794760 1.612900 1.014489 
-3.928710 4.794760 1.612890 1.014487 
-3.928700 4.794760 1.612890 1.014484 
-3.994360 4.768230 1.611940 1.012094 
-3.994360 4.768230 1.611940 1.012093 
-3.994370 4.768230 1.611930 1.012094 
-3.994370 4.768230 1.611930 1.012094 
-3.994370 4.768240 1.611920 1.012087 
-5.458690 3.671900 1.367380 0.990242 
-5.458690 3.671910 1.367380 0.990243 
-5.458690 3.671910 1.367380 0.990244 
-5.458700 3.671910 1.367380 0.990243 
-5.458700 3.671910 1.367380 0.990243 
-5.458680 3.671900 1.367370 0.990234 
-6.422200 3.396280 1.484930 0.989063 
-6.422200 3.396280 1.484930 0.989063 
-6.422220 3.396280 1.484960 0.989059 
-6.422200 3.396290 1.484930 0.989062 
-6.422200 3.396280 1.484930 0.989062 
-7.283680 3.092080 1.901260 0.986748 
-7.283680 3.092070 1.901270 0.986746 
-7.283680 3.092080 1.901260 0.986748 
-7.283690 3.092090 1.901250 0.986742 
-7.283690 3.092050 1.901240 0.986737 
-7.935090 2.654640 2.539550 0.986729 
-7.935090 2.654650 2.539540 0.986731 
-7.935100 2.654650 2.539540 0.986730 
-7.935100 2.654660 2.539540 0.986727 
-7.935090 2.654650 2.539540 0.986731 
-8.326850 2.008450 3.245680 0.994490 
-8.326850 2.008460 3.245690 0.994485 
-8.326850 2.008460 3.245680 0.994488 
-8.326850 2.008460 3.245680 0.994489 
-8.326850 2.008450 3.245690 0.994489 
-8.515640 1.268250 3.910020 0.994067 
-8.515640 1.268260 3.910020 0.994067 
-8.515630 1.268260 3.910030 0.994063 
-8.515640 1.268260 3.910030 0.994067 
-8.515650 1.268250 3.910020 0.994063 
-8.515640 1.268250 3.910020 0.994067 
-8.481870 0.489860 4.530340 0.989994 
-8.481870 0.489870 4.530340 0.989996 
-8.481870 0.489870 4.530340 0.989996 
-8.481880 0.489870 4.530340 0.989994 
-8.513690 1.248890 3.914090 0.990558 
-8.481880 0.489860 4.530340 0.989992 
-8.181550 -0.296970 5.042860 0.978905 
-8.181550 -0.296970 5.042860 0.978904 
-8.181550 -0.296970 5.042860 0.978905 
-8.486290 0.465320 4.527390 0.981979 
-8.181560 -0.296990 5.042850 0.978899 
-8.181550 -0.296980 5.042860 0.978904 
-7.558780 -1.062830 5.338550 0.988271 
-7.558780 -1.062830 5.338550 0.988270 
-7.558790 -1.062830 5.338550 0.988271 
-7.558800 -1.062820 5.338560 0.988265 
-7.558810 -1.062830 5.338570 0.988262 
-7.558790 -1.062830 5.338550 0.988270 
-6.734370 -1.713330 5.450530 1.002400 
-6.734360 -1.713330 5.450530 1.002398 
-6.734360 -1.713330 5.450530 1.002400 
-6.734380 -1.713330 5.450540 1.002386 
-6.734370 -1.713330 5.450530 1.002397 
-6.734370 -1.713330 5.450530 1.002399 
-6.576470 -1.742130 5.432270 0.991687 
-6.576470 -1.742130 5.432270 0.991687 
-6.576480 -1.742110 5.432280 0.991681 
-6.576510 -1.742120 5.432280 0.991691 
-6.730420 -1.715690 5.448510 1.001727 
-6.576490 -1.742130 5.432270 0.991690 
-6.576470 -1.742130 5.432260 0.991681 
-4.964380 -2.515310 5.320740 0.989499 
-4.964370 -2.515310 5.320740 0.989498 
-4.964370 -2.515310 5.320750 0.989496 
-4.964380 -2.515330 5.320740 0.989490 
-4.964380 -2.515310 5.320740 0.989499 
-4.964360 -2.515320 5.320720 0.989492 
-4.044990 -2.662050 4.875530 0.994194 
-4.044990 -2.662050 4.875520 0.994193 
-4.044990 -2.662050 4.875530 0.994188 
-4.044990 -2.662060 4.875520 0.994188 
-4.044990 -2.662050 4.875520 0.994192 
-4.044990 -2.662050 4.875530 0.994194 
-3.908050 -2.623200 4.699310 0.974003 
-3.908050 -2.623200 4.699310 0.974003 
-3.908050 -2.623190 4.699320 0.974000 
-4.036540 -2.657840 4.875800 0.991532 
-3.908070 -2.623210 4.699330 0.974006 
-3.908070 -2.623210 4.699310 0.974001 
-3.908060 -2.623210 4.699320 0.974005 
-2.813770 -2.652520 3.392040 0.983492 
-2.813760 -2.652520 3.392040 0.983490 
-2.813740 -2.652530 3.392050 0.983480 
-2.813770 -2.652530 3.392030 0.983493 
-2.813770 -2.652540 3.392000 0.983486 
-2.813770 -2.652530 3.392030 0.983492 
-2.687260 -2.817130 2.372790 0.989077 
-2.687250 -2.817120 2.372800 0.989073 
-2.687250 -2.817130 2.372790 0.989076 
-2.687270 -2.817140 2.372790 0.989074 
-2.613650 -3.281290 1.473190 0.989835 
-2.613620 -3.281270 1.473180 0.989815 
-2.613650 -3.281290 1.473190 0.989835 
-2.613640 -3.281310 1.473180 0.989830 
-2.529130 -3.971210 0.743430 0.988596 
-2.529130 -3.971210 0.743430 0.988597 
-2.529140 -3.971200 0.743440 0.988598 
-2.529160 -3.971200 0.743430 0.988589 
-2.335530 -4.813200 0.243270 0.982689 
-2.335530 -4.813200 0.243270 0.982694 
-2.335530 -4.813200 0.243270 0.982694 
-2.335530 -4.813200 0.243270 0.982694 
-2.335530 -4.813200 0.243270 0.982694 
-2.335540 -4.813200 0.243270 0.982692 
-1.933040 -5.725290 0.034960 0.986123 
-1.933040 -5.725290 0.034990 0.986137 
-1.933030 -5.725300 0.034990 0.986136 
-1.933000 -5.725310 0.034990 0.986131 
-1.933040 -5.725290 0.034990 0.986137 
-1.933040 -5.725290 0.034990 0.986136 
-1.324880 -6.559980 0.092400 0.991142 
-1.324880 -6.559980 0.092420 0.991150 
-1.324860 -6.559990 0.092420 0.991149 
-1.324870 -6.559980 0.092420 0.991150 
-1.324880 -6.559980 0.092420 0.991149 
-1.324880 -6.559980 0.092400 0.991144 
-0.620790 -7.242640 0.309100 0.988326 
-0.620790 -7.242640 0.309100 0.988326 
-0.620790 -7.242640 0.309100 0.988327 
-0.620780 -7.242660 0.309140 0.988318 
-0.620790 -7.242640 0.309110 0.988326 
0.179990 -7.727900 0.706460 0.991240 
0.179990 -7.727900 0.706460 0.991239 
0.179990 -7.727900 0.706470 0.991239 
0.179980 -7.727920 0.706480 0.991234 
0.179980 -7.727910 0.706470 0.991237 
0.179990 -7.727910 0.706460 0.991239 
1.033400 -7.966080 1.174500 0.986554 
1.033400 -7.966080 1.174500 0.986557 
1.033400 -7.966070 1.174500 0.986556 
1.033410 -7.966070 1.174510 0.986554 
1.033390 -7.966080 1.174500 0.986556 
1.033390 -7.966090 1.174500 0.986549 
1.925600 -7.886360 1.668940 0.993144 
1.925600 -7.886360 1.668940 0.993144 
1.925600 -7.886360 1.668940 0.993146 
1.925620 -7.886340 1.668960 0.993142 
1.925600 -7.886360 1.668950 0.993142 
1.925610 -7.886380 1.668930 0.993134 
2.740950 -7.562400 2.140200 0.984052 
2.740950 -7.562390 2.140200 0.984053 
2.740960 -7.562390 2.140200 0.984052 
2.740950 -7.562390 2.140200 0.984053 
1.928400 -7.886650 1.678850 0.990071 
3.469870 -6.969080 2.477170 0.984141 
3.469850 -6.969080 2.477180 0.984153 
3.469850 -6.969070 2.477180 0.984153 
3.469850 -6.969070 2.477180 0.984153 
3.469840 -6.969090 2.477200 0.984144 
3.469850 -6.969090 2.477190 0.984148 
4.075000 -6.152960 2.558440 0.982114 
4.074970 -6.152970 2.558460 0.982122 
4.074970 -6.152970 2.558460 0.982121 
4.074960 -6.152960 2.558470 0.982109 
4.607310 -5.329360 2.278510 0.987260 
4.607310 -5.329360 2.278510 0.987259 
4.607300 -5.329350 2.278530 0.987245 
4.607340 -5.329360 2.278510 0.987255 
5.257520 -4.723390 1.796090 0.990632 
5.257520 -4.723390 1.796090 0.990632 
5.257520 -4.723390 1.796090 0.990632 
6.138330 -4.332110 1.524400 0.985048 
5.263050 -4.721990 1.784600 0.986702 
6.138340 -4.332110 1.524400 0.985047 
6.138330 -4.332110 1.524400 0.985048 
7.005260 -3.846090 1.621200 0.982630 
6.138330 -4.332110 1.524400 0.985048 
7.005250 -3.846070 1.621200 0.982628 
7.005250 -3.846080 1.621200 0.982633 
7.005250 -3.846090 1.621210 0.982636 
7.005260 -3.846080 1.621220 0.982635 
7.753730 -3.307850 2.085140 0.986845 
7.753740 -3.307850 2.085130 0.986837 
7.753730 -3.307850 2.085140 0.986845 
7.753730 -3.307840 2.085140 0.986844 
7.753730 -3.307850 2.085140 0.986845 
7.753730 -3.307850 2.085140 0.986845 
8.267640 -2.678200 2.698530 0.990324 
8.267630 -2.678190 2.698540 0.990334 
8.267620 -2.678180 2.698530 0.990331 
8.267620 -2.678180 2.698530 0.990332 
8.267630 -2.678190 2.698540 0.990334 
8.267630 -2.678200 2.698530 0.990329 
8.517690 -1.956140 3.362790 0.989152 
8.517690 -1.956150 3.362800 0.989161 
8.517680 -1.956150 3.362800 0.989160 
8.517670 -1.956130 3.362830 0.989155 
8.517690 -1.956150 3.362800 0.989158 
8.517700 -1.956160 3.362800 0.989155 
8.498650 -1.227660 4.073510 0.993253 
8.498640 -1.227650 4.073510 0.993261 
8.498640 -1.227650 4.073510 0.993258 
8.498640 -1.227650 4.073510 0.993260 
8.498650 -1.227660 4.073530 0.993254 
8.498650 -1.227660 4.073510 0.993260 
8.222720 -0.527930 4.727740 0.985659 
8.222710 -0.527910 4.727730 0.985654 
8.222720 -0.527930 4.727740 0.985659 
8.222710 -0.527930 4.727740 0.985658 
8.222710 -0.527940 4.727750 0.985653 
8.498660 -1.227550 4.077280 0.992172 
7.640410 0.091880 5.290740 0.992099 
7.640410 0.091890 5.290740 0.992093 
7.640410 0.091880 5.290740 0.992099 
7.640400 0.091880 5.290740 0.992098 
7.640400 0.091880 5.290740 0.992098 
7.640410 0.091880 5.290740 0.992097 
6.880160 0.633600 5.689810 0.990732 
6.880150 0.633590 5.689800 0.990743 
6.880140 0.633600 5.689800 0.990742 
6.880140 0.633590 5.689800 0.990743 
6.880150 0.633590 5.689800 0.990743 
6.008230 1.038700 5.933960 0.988211 
6.008230 1.038700 5.933960 0.988214 
6.008220 1.038700 5.933960 0.988213 
6.008220 1.038700 5.933960 0.988213 
6.008230 1.038690 5.933970 0.988210 
6.008230 1.038690 5.933980 0.988203 
5.019010 1.268440 5.946270 0.987148 
5.019010 1.268450 5.946260 0.987146 
5.019010 1.268440 5.946260 0.987147 
5.019000 1.268430 5.946280 0.987140 
5.019020 1.268440 5.946270 0.987147 
4.056050 1.404330 5.681230 0.987139 
4.056050 1.404320 5.681220 0.987139 
4.056040 1.404320 5.681220 0.987136 
4.056040 1.404310 5.681240 0.987133 
4.056050 1.404320 5.681240 0.987139 
3.185080 1.390790 5.156640 0.986882 
3.185060 1.390810 5.156610 0.986876 
3.185080 1.390790 5.156630 0.986882 
3.185080 1.390790 5.156640 0.986881 
3.185080 1.390790 5.156640 0.986882 
2.522340 1.346770 4.396160 0.986882 
2.522340 1.346770 4.396160 0.986882 
2.522340 1.346770 4.396140 0.986880 
2.522330 1.346760 4.396170 0.986879 
2.522330 1.346760 4.396170 0.986879 
2.522330 1.346770 4.396170 0.986879 
2.116150 1.350300 3.465170 0.985898 
2.116150 1.350300 3.465170 0.985898 
2.116150 1.350310 3.465160 0.985897 
2.116150 1.350300 3.465170 0.985898 
2.116140 1.350300 3.465180 0.985895 
1.983270 1.533260 2.486580 0.984388 
1.983280 1.533230 2.486590 0.984395 
1.983280 1.533230 2.486590 0.984395 
1.983280 1.533230 2.486580 0.984391 
1.983270 1.533230 2.486590 0.984394 
1.973150 2.042980 1.615510 0.982635 
1.973140 2.042980 1.615510 0.982630 
1.748580 2.834150 0.998230 0.988299 
1.748570 2.834150 0.998230 0.988300 
1.748570 2.834130 0.998220 0.988288 
1.748570 2.834140 0.998230 0.988300 
1.748540 2.834160 0.998220 0.988291 
1.272370 3.643800 0.564190 0.995145 
1.272380 3.643810 0.564200 0.995135 
1.272370 3.643800 0.564190 0.995145 
1.272370 3.643800 0.564190 0.995143 
1.272360 3.643800 0.564190 0.995145 
1.272350 3.643810 0.564190 0.995144 
0.617390 4.404350 0.250710 1.014520 
0.617400 4.404350 0.250710 1.014519 
0.617380 4.404350 0.250700 1.014520 
0.574680 4.418780 0.239460 1.012525 
0.600490 4.410310 0.236540 1.013250 
0.554760 4.425780 0.224130 1.012209 
0.554760 4.425770 0.224130 1.012207 
0.554760 4.425780 0.224130 1.012210 
0.554760 4.425780 0.224130 1.012209 
0.554770 4.425780 0.224140 1.012212 
-0.339520 5.650390 -0.801430 0.986943 
-0.339520 5.650390 -0.801440 0.986942 
-0.339520 5.650390 -0.801430 0.986944 
-0.339550 5.650380 -0.801440 0.986934 
-0.339530 5.650380 -0.801430 0.986941 
-0.512600 6.116400 -1.686610 0.985991 
-0.512590 6.116400 -1.686610 0.985991 
-0.512590 6.116400 -1.686610 0.985990 
-0.512590 6.116400 -1.686610 0.985991 
-0.512610 6.116400 -1.686630 0.985986 
-0.744120 6.261620 -2.674070 0.992310 
-0.744120 6.261610 -2.674070 0.992314 
-0.744120 6.261610 -2.674080 0.992314 
-0.744110 6.261610 -2.674080 0.992313 
-0.744130 6.261610 -2.674090 0.992311 
-0.744120 6.261620 -2.674070 0.992307 
-1.047820 6.163320 -3.628790 0.988827 
-1.047820 6.163320 -3.628800 0.988826 
-1.047820 6.163320 -3.628800 0.988827 
-1.047830 6.163330 -3.628790 0.988824 
-1.047830 6.163330 -3.628790 0.988825 
-1.045200 6.161760 -3.634000 0.986970 
-1.441840 5.810880 -4.476500 0.986845 
-1.441840 5.810880 -4.476510 0.986843 
-1.441850 5.810890 -4.476490 0.986847 
-1.441870 5.810870 -4.476500 0.986841 
-1.441850 5.810900 -4.476490 0.986841 
-1.808050 5.166890 -5.189620 0.990596 
-1.808040 5.166890 -5.189620 0.990598 
-1.808040 5.166880 -5.189630 0.990594 
-1.808050 5.166880 -5.189620 0.990598 
-1.808060 5.166860 -5.189620 0.990593 
-1.808060 5.166900 -5.189630 0.990584 
-2.166620 4.376060 -5.702240 0.990651 
-2.166620 4.376060 -5.702240 0.990651 
-2.166620 4.376060 -5.702240 0.990649 
-2.166620 4.376030 -5.702230 0.990644 
-2.166630 4.376050 -5.702240 0.990650 
-2.166630 4.376060 -5.702240 0.990651 
-2.580490 3.480460 -5.943090 0.991330 
-2.580480 3.480460 -5.943100 0.991325 
-2.580490 3.480450 -5.943090 0.991330 
-2.580490 3.480440 -5.943080 0.991328 
-2.580490 3.480460 -5.943090 0.991328 
-2.580490 3.480460 -5.943090 0.991330 
-2.579250 3.477560 -5.944150 0.990325 
-2.969160 2.552410 -5.913650 0.989185 
-2.969170 2.552410 -5.913640 0.989187 
-2.969170 2.552400 -5.913640 0.989185 
-2.969190 2.552410 -5.913630 0.989176 
-3.255050 1.626750 -5.622990 0.988804 
-3.255050 1.626750 -5.622990 0.988805 
-3.255030 1.626720 -5.622980 0.988800 
-3.255050 1.626740 -5.622980 0.988804 
-3.255050 1.626750 -5.622990 0.988804 
-3.449020 0.787260 -5.076590 0.992384 
-3.449020 0.787260 -5.076590 0.992382 
-3.449020 0.787260 -5.076590 0.992384 
-3.449020 0.787260 -5.076590 0.992384 
-3.449030 0.787260 -5.076590 0.992381 
-3.449050 0.787260 -5.076600 0.992371 
-3.573210 0.110720 -4.344750 0.988664 
-3.573210 0.110730 -4.344750 0.988667 
-3.573210 0.110730 -4.344740 0.988667 
-3.573220 0.110730 -4.344710 0.988662 
-3.573240 0.110720 -4.344750 0.988651 
-3.544480 -0.391190 -3.463330 0.991438 
-3.544480 -0.391190 -3.463330 0.991437 
-3.544470 -0.391200 -3.463330 0.991433 
-3.544480 -0.391190 -3.463330 0.991438 
-3.544480 -0.391190 -3.463330 0.991438 
-3.544490 -0.391190 -3.463330 0.991436 
-3.426750 -0.659240 -2.506750 0.985844 
-3.426740 -0.659230 -2.506740 0.985849 
-3.426730 -0.659230 -2.506730 0.985846 
-3.426740 -0.659230 -2.506740 0.985849 
-3.426750 -0.659240 -2.506750 0.985847 
-3.187720 -0.653970 -1.522710 0.988961 
-3.187720 -0.653970 -1.522710 0.988959 
-3.187710 -0.653960 -1.522700 0.988958 
-3.187710 -0.653960 -1.522700 0.988961 
-3.187720 -0.653970 -1.522700 0.988959 
-3.187720 -0.653970 -1.522710 0.988961 
-2.848760 -0.385540 -0.600180 0.989225 
-2.848760 -0.385530 -0.600180 0.989231 
-2.848740 -0.385540 -0.600180 0.989224 
-2.848750 -0.385520 -0.600180 0.989231 
-2.848760 -0.385510 -0.600170 0.989229 
-2.848760 -0.385540 -0.600180 0.989230 
-2.398590 0.073470 0.195250 0.997232 
-2.398590 0.073490 0.195240 0.997241 
-2.398580 0.073510 0.195250 0.997239 
-2.398590 0.073490 0.195240 0.997241 
-1.944850 0.691270 0.888060 1.008324 
-1.944840 0.691270 0.888060 1.008330 
-1.944840 0.691270 0.888050 1.008327 
-1.944840 0.691270 0.888050 1.008328 
-1.944840 0.691310 0.888070 1.008328 
-1.944840 0.691270 0.888060 1.008330 
-1.665030 1.332630 1.588430 1.001778 
-1.944830 0.691350 0.888090 1.008323 
-1.665030 1.332620 1.588430 1.001778 
-1.665020 1.332650 1.588420 1.001768 
-1.665040 1.332640 1.588450 1.001777 
-1.546180 2.010990 2.352470 1.014466 
-1.546160 2.010980 2.352450 1.014465 
-1.546170 2.011000 2.352440 1.014458 
-1.546170 2.010990 2.352440 1.014465 
-1.567000 2.040120 2.421020 1.011700 
-1.567000 2.040130 2.421010 1.011711 
-1.549930 2.017680 2.382970 1.012764 
-1.562150 2.031800 2.385500 1.012222 
-1.567020 2.040140 2.421010 1.011699 
-1.049030 3.275060 3.652100 0.984736 
-1.049020 3.275060 3.652100 0.984735 
-1.049020 3.275060 3.652100 0.984733 
-1.049030 3.275060 3.652100 0.984736 
-1.049030 3.275070 3.652090 0.984733 
-1.049050 3.275070 3.652100 0.984725 
-0.381750 4.025020 3.946660 0.993161 
-0.381720 4.025020 3.946680 0.993156 
-0.381740 4.025020 3.946660 0.993161 
-0.381760 4.025020 3.946660 0.993159 
-0.381750 4.025020 3.946660 0.993159 
0.407030 4.604080 4.132000 0.987900 
0.407030 4.604080 4.131990 0.987906 
0.407030 4.604080 4.131990 0.987906 
0.407030 4.604080 4.131990 0.987903 
0.407030 4.604080 4.131990 0.987904 
1.332370 4.981880 4.150560 0.983453 
1.332370 4.981880 4.150550 0.983455 
1.332370 4.981890 4.150540 0.983454 
1.332370 4.981890 4.150530 0.983450 
1.332370 4.981880 4.150560 0.983454 
2.355620 5.087500 3.975850 0.995697 
2.355620 5.087500 3.975850 0.995698 
2.355620 5.087500 3.975840 0.995697 
2.355630 5.087510 3.975830 0.995690 
2.355620 5.087510 3.975860 0.995691 
2.355620 5.087500 3.975850 0.995697 
3.305380 5.006780 3.748980 0.981849 
3.305370 5.006790 3.748960 0.981856 
3.305380 5.006780 3.748960 0.981854 
3.305370 5.006790 3.748960 0.981854 
2.407750 5.073710 3.936910 0.985234 
3.305370 5.006790 3.748970 0.981855 
4.171960 4.622340 3.426750 0.985589 
4.171960 4.622330 3.426750 0.985588 
4.171960 4.622340 3.426750 0.985589 
4.171960 4.622340 3.426750 0.985589 
4.171960 4.622340 3.426750 0.985586 
4.171960 4.622340 3.426750 0.985589 
4.865230 3.934130 3.009460 0.999989 
4.865240 3.934100 3.009460 0.999987 
4.865220 3.934140 3.009440 0.999984 
4.865220 3.934140 3.009450 0.999986 
4.865230 3.934140 3.009460 0.999989 
4.865240 3.934150 3.009460 0.999978 
5.415330 3.190660 2.671440 0.991043 
5.415330 3.190640 2.671440 0.991040 
5.415330 3.190660 2.671440 0.991043 
4.869340 3.926560 3.010380 0.998727 
5.415330 3.190660 2.671450 0.991037 
5.719830 2.293040 2.368680 0.985966 
5.719820 2.293040 2.368680 0.985966 
5.719820 2.293040 2.368660 0.985961 
5.719820 2.293040 2.368670 0.985966 
5.415820 3.189880 2.669430 0.990387 
5.719840 2.293030 2.368690 0.985958 
5.726660 1.290120 2.191900 0.987103 
5.726650 1.290110 2.191890 0.987099 
5.726660 1.290120 2.191900 0.987103 
5.726660 1.290120 2.191890 0.987098 
5.726670 1.290120 2.191900 0.987097 
5.726660 1.290120 2.191900 0.987102 
5.517040 0.300620 2.219440 0.985571 
5.517030 0.300600 2.219450 0.985567 
5.517050 0.300630 2.219430 0.985572 
5.517050 0.300620 2.219420 0.985566 
5.517050 0.300630 2.219430 0.985570 
5.176250 -0.593910 2.534950 0.984649 
5.176250 -0.593900 2.534940 0.984651 
5.176240 -0.593900 2.534930 0.984645 
5.176250 -0.593900 2.534940 0.984650 
5.176250 -0.593900 2.534940 0.984650 
4.838790 -1.335420 3.162820 0.988794 
4.838790 -1.335420 3.162820 0.988792 
4.838790 -1.335420 3.162820 0.988793 
4.838800 -1.335440 3.162820 0.988787 
4.838800 -1.335430 3.162840 0.988791 
4.727250 -1.932320 3.951710 0.982408 
4.844010 -1.347410 3.165360 0.984563 
4.727270 -1.932320 3.951710 0.982419 
4.727270 -1.932320 3.951710 0.982419 
5.009020 -2.559520 4.701710 0.986384 
5.009020 -2.559520 4.701710 0.986383 
5.009020 -2.559530 4.701710 0.986381 
5.009030 -2.559520 4.701710 0.986385 
5.009050 -2.559540 4.701710 0.986379 
5.527990 -3.300440 5.191860 0.989948 
5.527980 -3.300440 5.191850 0.989950 
5.527980 -3.300450 5.191860 0.989947 
5.527980 -3.300440 5.191850 0.989949 
5.527990 -3.300450 5.191850 0.989949 
5.527990 -3.300440 5.191860 0.989948 
6.080440 -4.100730 5.419270 0.984376 
6.080440 -4.100730 5.419270 0.984376 
6.080440 -4.100730 5.419270 0.984376 
6.080450 -4.100730 5.419270 0.984375 
6.080460 -4.100730 5.419270 0.984374 
6.658010 -4.928760 5.308670 0.986838 
6.658010 -4.928760 5.308680 0.986836 
6.658010 -4.928770 5.308660 0.986841 
6.658010 -4.928770 5.308660 0.986840 
6.658010 -4.928770 5.308660 0.986840 
6.658020 -4.928760 5.308680 0.986834 
7.116640 -5.753460 4.886800 0.992581 
7.116630 -5.753460 4.886790 0.992587 
7.116630 -5.753470 4.886790 0.992587 
7.116630 -5.753480 4.886770 0.992584 
7.116650 -5.753460 4.886780 0.992580 
7.116630 -5.753460 4.886790 0.992586 
7.409890 -6.525420 4.316940 0.989255 
7.409890 -6.525420 4.316940 0.989254 
7.409890 -6.525410 4.316930 0.989257 
7.409890 -6.525410 4.316930 0.989256 
7.409910 -6.525410 4.316910 0.989247 
7.538340 -7.184320 3.560840 0.990607 
7.538340 -7.184320 3.560840 0.990606 
7.538340 -7.184320 3.560840 0.990607 
7.538330 -7.184320 3.560810 0.990603 
7.538340 -7.184310 3.560840 0.990605 
7.538350 -7.184310 3.560840 0.990602 
7.472820 -7.696340 2.698550 0.986804 
7.472820 -7.696330 2.698550 0.986815 
7.472790 -7.696340 2.698520 0.986807 
7.472820 -7.696320 2.698540 0.986814 
7.472820 -7.696320 2.698540 0.986813 
7.212990 -8.002630 1.772120 0.988036 
7.212990 -8.002630 1.772120 0.988032 
7.212990 -8.002630 1.772120 0.988035 
7.212990 -8.002620 1.772120 0.988036 
7.212980 -8.002620 1.772120 0.988035 
7.212990 -8.002620 1.772120 0.988036 
6.755660 -8.088190 0.866420 0.988618 
6.755650 -8.088200 0.866420 0.988616 
6.755650 -8.088200 0.866420 0.988614 
6.755610 -8.088170 0.866380 0.988609 
6.755660 -8.088190 0.866410 0.988614 
6.755660 -8.088190 0.866420 0.988618 
6.148590 -7.975470 0.067290 0.989067 
6.148590 -7.975480 0.067290 0.989066 
6.148570 -7.975490 0.067290 0.989058 
6.148580 -7.975470 0.067290 0.989065 
6.148600 -7.975470 0.067290 0.989065 
6.148600 -7.975470 0.067290 0.989063 
5.451420 -7.629960 -0.597900 0.992838 
5.451420 -7.629960 -0.597900 0.992839 
5.451400 -7.629960 -0.597890 0.992834 
5.451400 -7.629960 -0.597890 0.992837 
5.451420 -7.629950 -0.597910 0.992834 
5.451420 -7.629960 -0.597900 0.992838 
4.712850 -7.155150 -1.074120 0.988288 
4.712840 -7.155150 -1.074120 0.988287 
4.712840 -7.155150 -1.074120 0.988286 
4.712860 -7.155150 -1.074130 0.988285 
4.712860 -7.155150 -1.074130 0.988288 
3.958420 -6.530280 -1.302570 0.986891 
3.958390 -6.530290 -1.302560 0.986877 
3.958400 -6.530260 -1.302560 0.986887 
3.958420 -6.530280 -1.302570 0.986891 
3.958420 -6.530280 -1.302580 0.986884 
3.196990 -5.841130 -1.198970 0.994431 
3.196990 -5.841120 -1.198960 0.994433 
3.196990 -5.841120 -1.198960 0.994433 
3.196990 -5.841120 -1.198960 0.994432 
3.196990 -5.841120 -1.198960 0.994433 
3.196990 -5.841120 -1.198980 0.994422 
3.174300 -5.834760 -1.185590 0.989497 
2.491980 -5.204160 -0.882240 0.988973 
2.491990 -5.204140 -0.882230 0.988988 
2.491970 -5.204130 -0.882180 0.988975 
2.491990 -5.204120 -0.882220 0.988983 
2.492000 -5.204140 -0.882230 0.988988 
1.952860 -4.562660 -0.344930 0.986146 
1.952850 -4.562660 -0.344920 0.986143 
1.952870 -4.562650 -0.344920 0.986145 
1.952870 -4.562640 -0.344920 0.986141 
1.952860 -4.562650 -0.344940 0.986135 
1.556660 -4.095460 0.439850 0.977769 
1.556640 -4.095460 0.439860 0.977765 
1.556660 -4.095460 0.439870 0.977766 
1.556660 -4.095460 0.439860 0.977769 
1.556660 -4.095450 0.439850 0.977763 
1.166090 -4.051020 1.385180 0.983772 
1.166090 -4.051020 1.385180 0.983773 
1.166100 -4.051030 1.385190 0.983771 
1.166100 -4.051020 1.385180 0.983773 
1.166110 -4.051010 1.385190 0.983764 
1.166090 -4.051020 1.385180 0.983771 
0.777030 -4.365590 2.325180 0.999121 
0.777050 -4.365590 2.325170 0.999123 
0.777050 -4.365590 2.325170 0.999122 
0.777050 -4.365580 2.325170 0.999120 
0.777050 -4.365580 2.325170 0.999121 
0.344400 -4.780030 3.091520 0.984391 
0.344380 -4.780050 3.091530 0.984386 
0.344400 -4.780030 3.091520 0.984391 
0.344410 -4.780030 3.091520 0.984390 
0.774760 -4.366680 2.326510 0.998677 
-0.283560 -5.341810 3.625150 0.982443 
-0.283550 -5.341810 3.625150 0.982444 
-0.283550 -5.341810 3.625150 0.982444 
-0.283530 -5.341810 3.625170 0.982431 
-0.283560 -5.341810 3.625150 0.982444 
-1.133110 -5.901860 3.802910 0.986290 
-1.133110 -5.901870 3.802910 0.986287 
-1.133110 -5.901860 3.802910 0.986290 
-1.133100 -5.901870 3.802920 0.986281 
-1.133120 -5.901860 3.802910 0.986286 
-1.133110 -5.901860 3.802910 0.986290 
-2.096000 -6.259820 3.771450 0.991102 
-2.096000 -6.259820 3.771450 0.991100 
-2.096000 -6.259830 3.771460 0.991094 
-2.096020 -6.259810 3.771460 0.991099 
-2.096010 -6.259820 3.771450 0.991102 
-3.084340 -6.364010 3.642140 0.986746 
-3.084340 -6.364010 3.642130 0.986742 
-3.084340 -6.364010 3.642140 0.986746 
-3.084340 -6.364010 3.642150 0.986737 
-3.084340 -6.364010 3.642140 0.986746 
-3.084370 -6.363980 3.642130 0.986739 
-4.061580 -6.187570 3.400950 0.991720 
-4.061580 -6.187580 3.400940 0.991717 
-4.061580 -6.187580 3.400940 0.991718 
-4.061580 -6.187570 3.400950 0.991720 
-4.061580 -6.187570 3.400950 0.991720 
-4.061580 -6.187570 3.400950 0.991720 
-4.935930 -5.796360 3.078870 0.989760 
-4.935940 -5.796360 3.078860 0.989754 
-4.935930 -5.796360 3.078870 0.989757 
-4.935930 -5.796350 3.078880 0.989760 
-4.935940 -5.796350 3.078880 0.989759 
-4.935940 -5.796340 3.078880 0.989757 
-5.643730 -5.223330 2.676420 0.985900 
-5.643730 -5.223340 2.676430 0.985900 
-5.643730 -5.223350 2.676420 0.985897 
-5.643740 -5.223340 2.676440 0.985895 
-5.643750 -5.223330 2.676460 0.985887 
-5.643730 -5.223330 2.676420 0.985898 
-6.119190 -4.421510 2.253280 0.989216 
-6.119190 -4.421510 2.253270 0.989213 
-6.119190 -4.421510 2.253290 0.989218 
-6.119210 -4.421520 2.253280 0.989206 
-6.119200 -4.421480 2.253300 0.989216 
-6.119200 -4.421490 2.253290 0.989218 
-6.375450 -3.471720 1.988140 0.991634 
-6.375460 -3.471710 1.988120 0.991628 
-6.375460 -3.471720 1.988140 0.991633 
-6.375470 -3.471710 1.988150 0.991625 
-6.375450 -3.471710 1.988140 0.991634 
-6.375450 -3.471700 1.988150 0.991630 
-6.386280 -2.476780 1.785090 0.993212 
-6.386280 -2.476780 1.785090 0.993212 
-6.386280 -2.476780 1.785090 0.993212 
-6.386300 -2.476780 1.785100 0.993202 
-6.386290 -2.476780 1.785100 0.993207 
-6.386280 -2.476770 1.785090 0.993211 
-6.176590 -1.531620 1.675490 0.979185 
-6.383650 -2.470440 1.776300 0.990020 
-6.176590 -1.531620 1.675490 0.979185 
-6.176570 -1.531600 1.675500 0.979181 
-6.176580 -1.531610 1.675490 0.979185 
-5.752610 -0.637000 1.907720 0.982604 
-5.752610 -0.637000 1.907720 0.982604 
-5.752620 -0.636990 1.907710 0.982596 
-5.752610 -0.637000 1.907720 0.982603 
-5.752600 -0.636980 1.907760 0.982589 
-5.752590 -0.636990 1.907720 0.982601 
-5.238680 0.064730 2.493230 0.991688 
-5.238680 0.064730 2.493240 0.991694 
-5.238680 0.064730 2.493240 0.991694 
-5.238690 0.064750 2.493270 0.991687 
-5.238680 0.064730 2.493240 0.991694 
-5.238680 0.064730 2.493240 0.991694 
-4.844220 0.633510 3.240680 0.993630 
-4.844220 0.633500 3.240690 0.993635 
-4.844210 0.633500 3.240690 0.993635 
-4.844190 0.633490 3.240690 0.993620 
-4.699870 1.184730 4.039940 0.984089 
-4.699870 1.184740 4.039940 0.984088 
-4.699880 1.184730 4.039950 0.984083 
-4.699870 1.184730 4.039940 0.984086 
-4.806000 1.981840 4.641240 0.987073 
-4.806000 1.981840 4.641240 0.987074 
-4.806010 1.981830 4.641240 0.987075 
-4.806010 1.981830 4.641240 0.987075 
-4.806010 1.981830 4.641250 0.987073 
-4.806000 1.981830 4.641250 0.987069 
-5.065780 2.918160 4.993640 0.991146 
-5.065790 2.918160 4.993640 0.991147 
-5.065810 2.918180 4.993630 0.991144 
-5.065800 2.918170 4.993640 0.991147 
-5.065790 2.918160 4.993640 0.991146 
-5.065780 2.918160 4.993650 0.991141 
-5.422460 3.829920 5.148600 0.986757 
-5.422470 3.829920 5.148600 0.986760 
-5.422480 3.829930 5.148600 0.986759 
-5.422480 3.829920 5.148600 0.986759 
-5.422470 3.829920 5.148600 0.986759 
-5.810740 4.767820 4.945400 0.994238 
-5.810750 4.767810 4.945400 0.994239 
-5.810750 4.767820 4.945390 0.994238 
-5.810750 4.767810 4.945410 0.994235 
-5.810750 4.767810 4.945420 0.994228 
-5.810740 4.767820 4.945400 0.994239 
-6.137570 5.626350 4.542180 0.990054 
-6.137580 5.626320 4.542210 0.990061 
-6.137580 5.626320 4.542210 0.990061 
-6.137580 5.626320 4.542210 0.990060 
-6.137580 5.626330 4.542230 0.990047 
-6.451440 6.328850 3.908120 0.987355 
-6.451440 6.328840 3.908130 0.987356 
-6.451440 6.328840 3.908120 0.987355 
-6.451450 6.328840 3.908120 0.987352 
-6.135770 5.629910 4.540980 0.988786 
-6.451440 6.328840 3.908130 0.987356 
-6.688100 6.826690 3.031350 0.994851 
-6.688100 6.826690 3.031350 0.994852 
-6.688100 6.826690 3.031350 0.994852 
-6.688110 6.826690 3.031340 0.994848 
-6.688100 6.826690 3.031350 0.994851 
-6.688100 6.826700 3.031360 0.994846 
-6.780000 7.174630 2.113640 0.984334 
-6.780000 7.174620 2.113620 0.984331 
-6.780010 7.174620 2.113640 0.984333 
-6.780010 7.174630 2.113640 0.984328 
-6.780000 7.174630 2.113640 0.984332 
-6.779990 7.174640 2.113640 0.984327 
-6.656350 7.294460 1.117540 0.987990 
-6.656360 7.294460 1.117540 0.987991 
-6.656360 7.294460 1.117540 0.987991 
-6.656370 7.294460 1.117530 0.987986 
-6.656360 7.294460 1.117540 0.987991 
-6.656340 7.294470 1.117530 0.987984 
-6.414010 7.137770 0.140450 0.987766 
-6.414010 7.137770 0.140450 0.987765 
-6.414040 7.137760 0.140430 0.987752 
-6.414020 7.137770 0.140450 0.987764 
-6.414010 7.137770 0.140450 0.987764 
-6.100630 6.744600 -0.738450 0.991421 
-6.100630 6.744600 -0.738450 0.991420 
-6.100640 6.744600 -0.738450 0.991419 
-6.100640 6.744600 -0.738450 0.991419 
-6.100620 6.744620 -0.738450 0.991411 
-6.100620 6.744610 -0.738450 0.991418 
-5.625350 6.189910 -1.454960 0.993905 
-5.625350 6.189910 -1.454960 0.993905 
-5.625350 6.189890 -1.454970 0.993902 
-5.625380 6.189920 -1.454990 0.993883 
-5.625360 6.189920 -1.454960 0.993904 
-5.625340 6.189940 -1.454970 0.993888 
-5.076160 5.557570 -1.973290 0.985423 
-5.076170 5.557570 -1.973290 0.985424 
-5.076170 5.557570 -1.973290 0.985423 
-5.076170 5.557570 -1.973290 0.985424 
-5.628050 6.178320 -1.461800 0.989988 
-5.076160 5.557570 -1.973290 0.985422 
-4.416840 4.787070 -2.185110 0.995001 
-4.416850 4.787060 -2.185110 0.995000 
-4.416850 4.787040 -2.185120 0.994994 
-4.416840 4.787070 -2.185110 0.995000 
-4.416840 4.787070 -2.185110 0.995001 
-4.416830 4.787080 -2.185110 0.994998 
-3.734380 3.983600 -2.177620 1.012314 
-3.734400 3.983600 -2.177620 1.012309 
-3.734400 3.983610 -2.177630 1.012315 
-3.734400 3.983600 -2.177650 1.012306 
-3.734360 3.983600 -2.177650 1.012313 
-3.653490 3.949280 -2.150820 1.008609 
-3.653490 3.949280 -2.150820 1.008610 
-3.653510 3.949280 -2.150820 1.008611 
-3.732190 3.983000 -2.177900 1.012133 
-3.653490 3.949280 -2.150830 1.008606 
-3.653490 3.949280 -2.150820 1.008610 
-3.653490 3.949280 -2.150820 1.008608 
-2.184430 2.812410 -2.265290 0.992202 
-3.029560 3.316440 -2.174310 0.999046 
-2.184430 2.812410 -2.265310 0.992204 
-2.184430 2.812410 -2.265310 0.992205 
-2.184430 2.812410 -2.265310 0.992205 
-1.260640 2.506600 -2.524450 0.991691 
-1.260640 2.506600 -2.524470 0.991685 
-1.260640 2.506600 -2.524450 0.991691 
-1.260640 2.506610 -2.524450 0.991690 
-0.297350 2.439500 -2.857220 0.996379 
-0.297350 2.439490 -2.857210 0.996377 
-0.297350 2.439490 -2.857210 0.996376 
-0.297350 2.439460 -2.857230 0.996359 
-0.297340 2.439500 -2.857220 0.996379 
-0.297330 2.439510 -2.857240 0.996375 
0.635940 2.589580 -3.096580 0.981907 
0.635930 2.589580 -3.096590 0.981909 
-0.290670 2.442990 -2.862700 0.994786 
0.635930 2.589580 -3.096590 0.981909 
0.635930 2.589580 -3.096590 0.981909 
0.635950 2.589600 -3.096600 0.981902 
1.534680 3.038420 -3.141910 0.982852 
1.534670 3.038420 -3.141910 0.982855 
1.534670 3.038420 -3.141920 0.982856 
1.534670 3.038410 -3.141930 0.982854 
1.534670 3.038410 -3.141930 0.982854 
1.534670 3.038420 -3.141930 0.982856 
2.261570 3.772670 -2.997540 0.989953 
2.261570 3.772670 -2.997540 0.989951 
2.261570 3.772670 -2.997540 0.989953 
2.261570 3.772670 -2.997550 0.989945 
2.261570 3.772680 -2.997550 0.989951 
2.261560 3.772680 -2.997540 0.989953 
2.807620 4.575420 -2.704190 0.991289 
2.807620 4.575420 -2.704200 0.991289 
2.807650 4.575400 -2.704190 0.991269 
2.807620 4.575430 -2.704210 0.991285 
2.807620 4.575440 -2.704220 0.991281 
2.807620 4.575440 -2.704180 0.991285 
3.194930 5.345870 -2.163980 0.993843 
3.194940 5.345870 -2.163980 0.993841 
3.194930 5.345870 -2.163980 0.993842 
3.194940 5.345870 -2.163980 0.993838 
3.194930 5.345880 -2.163980 0.993842 
3.194930 5.345890 -2.163980 0.993840 
3.386560 6.060770 -1.495020 0.987809 
3.386570 6.060770 -1.495020 0.987808 
3.386570 6.060760 -1.495020 0.987805 
3.193810 5.355910 -2.164200 0.990884 
3.386560 6.060780 -1.495020 0.987805 
3.386560 6.060770 -1.495020 0.987808 
3.298210 6.745830 -0.761410 0.987807 
3.298210 6.745830 -0.761420 0.987810 
3.298220 6.745830 -0.761420 0.987809 
3.298220 6.745830 -0.761420 0.987805 
3.298190 6.745850 -0.761410 0.987803 
2.932920 7.318570 0.007590 0.991924 
2.932920 7.318570 0.007590 0.991923 
2.932920 7.318570 0.007580 0.991926 
2.932930 7.318580 0.007580 0.991922 
2.932920 7.318580 0.007580 0.991925 
2.932910 7.318590 0.007580 0.991923 
2.381690 7.754090 0.729000 0.990498 
2.381710 7.754100 0.728980 0.990504 
2.381730 7.754100 0.729000 0.990489 
2.381710 7.754100 0.728970 0.990503 
2.381700 7.754120 0.728970 0.990497 
2.381700 7.754100 0.728980 0.990504 
1.643430 8.037780 1.348380 0.988319 
1.643430 8.037780 1.348380 0.988320 
1.643440 8.037780 1.348390 0.988312 
1.643430 8.037800 1.348370 0.988309 
1.643430 8.037780 1.348370 0.988320 
1.643430 8.037780 1.348370 0.988320 
0.761550 8.110410 1.835930 0.987734 
0.761570 8.110430 1.835930 0.987737 
0.761570 8.110430 1.835930 0.987735 
0.761570 8.110430 1.835930 0.987737 
0.761560 8.110420 1.835930 0.987736 
-0.192400 7.960800 2.149050 0.988642 
-0.192400 7.960790 2.149050 0.988638 
-0.192400 7.960800 2.149050 0.988641 
-0.192400 7.960810 2.149050 0.988639 
-0.192400 7.960810 2.149050 0.988640 
-0.192430 7.960780 2.149040 0.988636 
