-1.149130 7.624410 2.253680
-1.149120 7.624430 2.253680
-1.149120 7.624430 2.253690
-1.149120 7.624430 2.253680
-1.149120 7.624430 2.253680
-1.149130 7.624420 2.253670
-2.013990 7.094200 2.223410
-2.013990 7.094210 2.223410
-2.013990 7.094210 2.223410
-2.013990 7.094220 2.223410
-2.013990 7.094220 2.223410
-2.014000 7.094220 2.223400
-2.753500 6.394660 2.071360
-2.753500 6.394670 2.071360
-2.753500 6.394680 2.071370
-2.753500 6.394680 2.071370
-2.753500 6.394680 2.071360
-2.753500 6.394680 2.071360
-3.383830 5.616510 1.843740
-3.383830 5.616500 1.843750
-3.383830 5.616510 1.843750
-3.383840 5.616520 1.843750
-3.383830 5.616510 1.843740
-3.383830 5.616510 1.843740
-3.928710 4.794760 1.612900
-3.928710 4.794760 1.612900
-3.928730 4.794730 1.612910
-3.928710 4.794760 1.612900
-3.928710 4.794760 1.612890
-3.928700 4.794760 1.612890
-3.994360 4.768230 1.611940
-3.994360 4.768230 1.611940
-3.994370 4.768230 1.611930
-3.994370 4.768230 1.611930
-3.994370 4.768240 1.611920
-5.458690 3.671900 1.367380
-5.458690 3.671910 1.367380
-5.458690 3.671910 1.367380
-5.458700 3.671910 1.367380
-5.458700 3.671910 1.367380
-5.458680 3.671900 1.367370
-6.422200 3.396280 1.484930
-6.422200 3.396280 1.484930
-6.422220 3.396280 1.484960
-6.422200 3.396290 1.484930
-6.422200 3.396280 1.484930
-7.283680 3.092080 1.901260
-7.283680 3.092070 1.901270
-7.283680 3.092080 1.901260
-7.283690 3.092090 1.901250
-7.283690 3.092050 1.901240
-7.935090 2.654640 2.539550
-7.935090 2.654650 2.539540
-7.935100 2.654650 2.539540
-7.935100 2.654660 2.539540
-7.935090 2.654650 2.539540
-8.326850 2.008450 3.245680
-8.326850 2.008460 3.245690
-8.326850 2.008460 3.245680
-8.326850 2.008460 3.245680
-8.326850 2.008450 3.245690
-8.515640 1.268250 3.910020
-8.515640 1.268260 3.910020
-8.515630 1.268260 3.910030
-8.515640 1.268260 3.910030
-8.515650 1.268250 3.910020
-8.515640 1.268250 3.910020
-8.481870 0.489860 4.530340
-8.481870 0.489870 4.530340
-8.481870 0.489870 4.530340
-8.481880 0.489870 4.530340
-8.513690 1.248890 3.914090
-8.481880 0.489860 4.530340
-8.181550 -0.296970 5.042860
-8.181550 -0.296970 5.042860
-8.181550 -0.296970 5.042860
-8.486290 0.465320 4.527390
-8.181560 -0.296990 5.042850
-8.181550 -0.296980 5.042860
-7.558780 -1.062830 5.338550
-7.558780 -1.062830 5.338550
-7.558790 -1.062830 5.338550
-7.558800 -1.062820 5.338560
-7.558810 -1.062830 5.338570
-7.558790 -1.062830 5.338550
-6.734370 -1.713330 5.450530
-6.734360 -1.713330 5.450530
-6.734360 -1.713330 5.450530
-6.734380 -1.713330 5.450540
-6.734370 -1.713330 5.450530
-6.734370 -1.713330 5.450530
-6.576470 -1.742130 5.432270
-6.576470 -1.742130 5.432270
-6.576480 -1.742110 5.432280
-6.576510 -1.742120 5.432280
-6.730420 -1.715690 5.448510
-6.576490 -1.742130 5.432270
-6.576470 -1.742130 5.432260
-4.964380 -2.515310 5.320740
-4.964370 -2.515310 5.320740
-4.964370 -2.515310 5.320750
-4.964380 -2.515330 5.320740
-4.964380 -2.515310 5.320740
-4.964360 -2.515320 5.320720
-4.044990 -2.662050 4.875530
-4.044990 -2.662050 4.875520
-4.044990 -2.662050 4.875530
-4.044990 -2.662060 4.875520
-4.044990 -2.662050 4.875520
-4.044990 -2.662050 4.875530
-3.908050 -2.623200 4.699310
-3.908050 -2.623200 4.699310
-3.908050 -2.623190 4.699320
-4.036540 -2.657840 4.875800
-3.908070 -2.623210 4.699330
-3.908070 -2.623210 4.699310
-3.908060 -2.623210 4.699320
-2.813770 -2.652520 3.392040
-2.813760 -2.652520 3.392040
-2.813740 -2.652530 3.392050
-2.813770 -2.652530 3.392030
-2.813770 -2.652540 3.392000
-2.813770 -2.652530 3.392030
-2.687260 -2.817130 2.372790
-2.687250 -2.817120 2.372800
-2.687250 -2.817130 2.372790
-2.687270 -2.817140 2.372790
-2.613650 -3.281290 1.473190
-2.613620 -3.281270 1.473180
-2.613650 -3.281290 1.473190
-2.613640 -3.281310 1.473180
-2.529130 -3.971210 0.743430
-2.529130 -3.971210 0.743430
-2.529140 -3.971200 0.743440
-2.529160 -3.971200 0.743430
-2.335530 -4.813200 0.243270
-2.335530 -4.813200 0.243270
-2.335530 -4.813200 0.243270
-2.335530 -4.813200 0.243270
-2.335530 -4.813200 0.243270
-2.335540 -4.813200 0.243270
-1.933040 -5.725290 0.034960
-1.933040 -5.725290 0.034990
-1.933030 -5.725300 0.034990
-1.933000 -5.725310 0.034990
-1.933040 -5.725290 0.034990
-1.933040 -5.725290 0.034990
-1.324880 -6.559980 0.092400
-1.324880 -6.559980 0.092420
-1.324860 -6.559990 0.092420
-1.324870 -6.559980 0.092420
-1.324880 -6.559980 0.092420
-1.324880 -6.559980 0.092400
-0.620790 -7.242640 0.309100
-0.620790 -7.242640 0.309100
-0.620790 -7.242640 0.309100
-0.620780 -7.242660 0.309140
-0.620790 -7.242640 0.309110
0.179990 -7.727900 0.706460
0.179990 -7.727900 0.706460
0.179990 -7.727900 0.706470
0.179980 -7.727920 0.706480
0.179980 -7.727910 0.706470
0.179990 -7.727910 0.706460
1.033400 -7.966080 1.174500
1.033400 -7.966080 1.174500
1.033400 -7.966070 1.174500
1.033410 -7.966070 1.174510
1.033390 -7.966080 1.174500
1.033390 -7.966090 1.174500
1.925600 -7.886360 1.668940
1.925600 -7.886360 1.668940
1.925600 -7.886360 1.668940
1.925620 -7.886340 1.668960
1.925600 -7.886360 1.668950
1.925610 -7.886380 1.668930
2.740950 -7.562400 2.140200
2.740950 -7.562390 2.140200
2.740960 -7.562390 2.140200
2.740950 -7.562390 2.140200
1.928400 -7.886650 1.678850
3.469870 -6.969080 2.477170
3.469850 -6.969080 2.477180
3.469850 -6.969070 2.477180
3.469850 -6.969070 2.477180
3.469840 -6.969090 2.477200
3.469850 -6.969090 2.477190
4.075000 -6.152960 2.558440
4.074970 -6.152970 2.558460
4.074970 -6.152970 2.558460
4.074960 -6.152960 2.558470
4.607310 -5.329360 2.278510
4.607310 -5.329360 2.278510
4.607300 -5.329350 2.278530
4.607340 -5.329360 2.278510
5.257520 -4.723390 1.796090
5.257520 -4.723390 1.796090
5.257520 -4.723390 1.796090
6.138330 -4.332110 1.524400
5.263050 -4.721990 1.784600
6.138340 -4.332110 1.524400
6.138330 -4.332110 1.524400
7.005260 -3.846090 1.621200
6.138330 -4.332110 1.524400
7.005250 -3.846070 1.621200
7.005250 -3.846080 1.621200
7.005250 -3.846090 1.621210
7.005260 -3.846080 1.621220
7.753730 -3.307850 2.085140
7.753740 -3.307850 2.085130
7.753730 -3.307850 2.085140
7.753730 -3.307840 2.085140
7.753730 -3.307850 2.085140
7.753730 -3.307850 2.085140
8.267640 -2.678200 2.698530
8.267630 -2.678190 2.698540
8.267620 -2.678180 2.698530
8.267620 -2.678180 2.698530
8.267630 -2.678190 2.698540
8.267630 -2.678200 2.698530
8.517690 -1.956140 3.362790
8.517690 -1.956150 3.362800
8.517680 -1.956150 3.362800
8.517670 -1.956130 3.362830
8.517690 -1.956150 3.362800
8.517700 -1.956160 3.362800
8.498650 -1.227660 4.073510
8.498640 -1.227650 4.073510
8.498640 -1.227650 4.073510
8.498640 -1.227650 4.073510
8.498650 -1.227660 4.073530
8.498650 -1.227660 4.073510
8.222720 -0.527930 4.727740
8.222710 -0.527910 4.727730
8.222720 -0.527930 4.727740
8.222710 -0.527930 4.727740
8.222710 -0.527940 4.727750
8.498660 -1.227550 4.077280
7.640410 0.091880 5.290740
7.640410 0.091890 5.290740
7.640410 0.091880 5.290740
7.640400 0.091880 5.290740
7.640400 0.091880 5.290740
7.640410 0.091880 5.290740
6.880160 0.633600 5.689810
6.880150 0.633590 5.689800
6.880140 0.633600 5.689800
6.880140 0.633590 5.689800
6.880150 0.633590 5.689800
6.008230 1.038700 5.933960
6.008230 1.038700 5.933960
6.008220 1.038700 5.933960
6.008220 1.038700 5.933960
6.008230 1.038690 5.933970
6.008230 1.038690 5.933980
5.019010 1.268440 5.946270
5.019010 1.268450 5.946260
5.019010 1.268440 5.946260
5.019000 1.268430 5.946280
5.019020 1.268440 5.946270
4.056050 1.404330 5.681230
4.056050 1.404320 5.681220
4.056040 1.404320 5.681220
4.056040 1.404310 5.681240
4.056050 1.404320 5.681240
3.185080 1.390790 5.156640
3.185060 1.390810 5.156610
3.185080 1.390790 5.156630
3.185080 1.390790 5.156640
3.185080 1.390790 5.156640
2.522340 1.346770 4.396160
2.522340 1.346770 4.396160
2.522340 1.346770 4.396140
2.522330 1.346760 4.396170
2.522330 1.346760 4.396170
2.522330 1.346770 4.396170
2.116150 1.350300 3.465170
2.116150 1.350300 3.465170
2.116150 1.350310 3.465160
2.116150 1.350300 3.465170
2.116140 1.350300 3.465180
1.983270 1.533260 2.486580
1.983280 1.533230 2.486590
1.983280 1.533230 2.486590
1.983280 1.533230 2.486580
1.983270 1.533230 2.486590
1.973150 2.042980 1.615510
1.973140 2.042980 1.615510
1.748580 2.834150 0.998230
1.748570 2.834150 0.998230
1.748570 2.834130 0.998220
1.748570 2.834140 0.998230
1.748540 2.834160 0.998220
1.272370 3.643800 0.564190
1.272380 3.643810 0.564200
1.272370 3.643800 0.564190
1.272370 3.643800 0.564190
1.272360 3.643800 0.564190
1.272350 3.643810 0.564190
0.617390 4.404350 0.250710
0.617400 4.404350 0.250710
0.617380 4.404350 0.250700
0.574680 4.418780 0.239460
0.600490 4.410310 0.236540
0.554760 4.425780 0.224130
0.554760 4.425770 0.224130
0.554760 4.425780 0.224130
0.554760 4.425780 0.224130
0.554770 4.425780 0.224140
-0.339520 5.650390 -0.801430
-0.339520 5.650390 -0.801440
-0.339520 5.650390 -0.801430
-0.339550 5.650380 -0.801440
-0.339530 5.650380 -0.801430
-0.512600 6.116400 -1.686610
-0.512590 6.116400 -1.686610
-0.512590 6.116400 -1.686610
-0.512590 6.116400 -1.686610
-0.512610 6.116400 -1.686630
-0.744120 6.261620 -2.674070
-0.744120 6.261610 -2.674070
-0.744120 6.261610 -2.674080
-0.744110 6.261610 -2.674080
-0.744130 6.261610 -2.674090
-0.744120 6.261620 -2.674070
-1.047820 6.163320 -3.628790
-1.047820 6.163320 -3.628800
-1.047820 6.163320 -3.628800
-1.047830 6.163330 -3.628790
-1.047830 6.163330 -3.628790
-1.045200 6.161760 -3.634000
-1.441840 5.810880 -4.476500
-1.441840 5.810880 -4.476510
-1.441850 5.810890 -4.476490
-1.441870 5.810870 -4.476500
-1.441850 5.810900 -4.476490
-1.808050 5.166890 -5.189620
-1.808040 5.166890 -5.189620
-1.808040 5.166880 -5.189630
-1.808050 5.166880 -5.189620
-1.808060 5.166860 -5.189620
-1.808060 5.166900 -5.189630
-2.166620 4.376060 -5.702240
-2.166620 4.376060 -5.702240
-2.166620 4.376060 -5.702240
-2.166620 4.376030 -5.702230
-2.166630 4.376050 -5.702240
-2.166630 4.376060 -5.702240
-2.580490 3.480460 -5.943090
-2.580480 3.480460 -5.943100
-2.580490 3.480450 -5.943090
-2.580490 3.480440 -5.943080
-2.580490 3.480460 -5.943090
-2.580490 3.480460 -5.943090
-2.579250 3.477560 -5.944150
-2.969160 2.552410 -5.913650
-2.969170 2.552410 -5.913640
-2.969170 2.552400 -5.913640
-2.969190 2.552410 -5.913630
-3.255050 1.626750 -5.622990
-3.255050 1.626750 -5.622990
-3.255030 1.626720 -5.622980
-3.255050 1.626740 -5.622980
-3.255050 1.626750 -5.622990
-3.449020 0.787260 -5.076590
-3.449020 0.787260 -5.076590
-3.449020 0.787260 -5.076590
-3.449020 0.787260 -5.076590
-3.449030 0.787260 -5.076590
-3.449050 0.787260 -5.076600
-3.573210 0.110720 -4.344750
-3.573210 0.110730 -4.344750
-3.573210 0.110730 -4.344740
-3.573220 0.110730 -4.344710
-3.573240 0.110720 -4.344750
-3.544480 -0.391190 -3.463330
-3.544480 -0.391190 -3.463330
-3.544470 -0.391200 -3.463330
-3.544480 -0.391190 -3.463330
-3.544480 -0.391190 -3.463330
-3.544490 -0.391190 -3.463330
-3.426750 -0.659240 -2.506750
-3.426740 -0.659230 -2.506740
-3.426730 -0.659230 -2.506730
-3.426740 -0.659230 -2.506740
-3.426750 -0.659240 -2.506750
-3.187720 -0.653970 -1.522710
-3.187720 -0.653970 -1.522710
-3.187710 -0.653960 -1.522700
-3.187710 -0.653960 -1.522700
-3.187720 -0.653970 -1.522700
-3.187720 -0.653970 -1.522710
-2.848760 -0.385540 -0.600180
-2.848760 -0.385530 -0.600180
-2.848740 -0.385540 -0.600180
-2.848750 -0.385520 -0.600180
-2.848760 -0.385510 -0.600170
-2.848760 -0.385540 -0.600180
-2.398590 0.073470 0.195250
-2.398590 0.073490 0.195240
-2.398580 0.073510 0.195250
-2.398590 0.073490 0.195240
-1.944850 0.691270 0.888060
-1.944840 0.691270 0.888060
-1.944840 0.691270 0.888050
-1.944840 0.691270 0.888050
-1.944840 0.691310 0.888070
-1.944840 0.691270 0.888060
-1.665030 1.332630 1.588430
-1.944830 0.691350 0.888090
-1.665030 1.332620 1.588430
-1.665020 1.332650 1.588420
-1.665040 1.332640 1.588450
-1.546180 2.010990 2.352470
-1.546160 2.010980 2.352450
-1.546170 2.011000 2.352440
-1.546170 2.010990 2.352440
-1.567000 2.040120 2.421020
-1.567000 2.040130 2.421010
-1.549930 2.017680 2.382970
-1.562150 2.031800 2.385500
-1.567020 2.040140 2.421010
-1.049030 3.275060 3.652100
-1.049020 3.275060 3.652100
-1.049020 3.275060 3.652100
-1.049030 3.275060 3.652100
-1.049030 3.275070 3.652090
-1.049050 3.275070 3.652100
-0.381750 4.025020 3.946660
-0.381720 4.025020 3.946680
-0.381740 4.025020 3.946660
-0.381760 4.025020 3.946660
-0.381750 4.025020 3.946660
0.407030 4.604080 4.132000
0.407030 4.604080 4.131990
0.407030 4.604080 4.131990
0.407030 4.604080 4.131990
0.407030 4.604080 4.131990
1.332370 4.981880 4.150560
1.332370 4.981880 4.150550
1.332370 4.981890 4.150540
1.332370 4.981890 4.150530
1.332370 4.981880 4.150560
2.355620 5.087500 3.975850
2.355620 5.087500 3.975850
2.355620 5.087500 3.975840
2.355630 5.087510 3.975830
2.355620 5.087510 3.975860
2.355620 5.087500 3.975850
3.305380 5.006780 3.748980
3.305370 5.006790 3.748960
3.305380 5.006780 3.748960
3.305370 5.006790 3.748960
2.407750 5.073710 3.936910
3.305370 5.006790 3.748970
4.171960 4.622340 3.426750
4.171960 4.622330 3.426750
4.171960 4.622340 3.426750
4.171960 4.622340 3.426750
4.171960 4.622340 3.426750
4.171960 4.622340 3.426750
4.865230 3.934130 3.009460
4.865240 3.934100 3.009460
4.865220 3.934140 3.009440
4.865220 3.934140 3.009450
4.865230 3.934140 3.009460
4.865240 3.934150 3.009460
5.415330 3.190660 2.671440
5.415330 3.190640 2.671440
5.415330 3.190660 2.671440
4.869340 3.926560 3.010380
5.415330 3.190660 2.671450
5.719830 2.293040 2.368680
5.719820 2.293040 2.368680
5.719820 2.293040 2.368660
5.719820 2.293040 2.368670
5.415820 3.189880 2.669430
5.719840 2.293030 2.368690
5.726660 1.290120 2.191900
5.726650 1.290110 2.191890
5.726660 1.290120 2.191900
5.726660 1.290120 2.191890
5.726670 1.290120 2.191900
5.726660 1.290120 2.191900
5.517040 0.300620 2.219440
5.517030 0.300600 2.219450
5.517050 0.300630 2.219430
5.517050 0.300620 2.219420
5.517050 0.300630 2.219430
5.176250 -0.593910 2.534950
5.176250 -0.593900 2.534940
5.176240 -0.593900 2.534930
5.176250 -0.593900 2.534940
5.176250 -0.593900 2.534940
4.838790 -1.335420 3.162820
4.838790 -1.335420 3.162820
4.838790 -1.335420 3.162820
4.838800 -1.335440 3.162820
4.838800 -1.335430 3.162840
4.727250 -1.932320 3.951710
4.844010 -1.347410 3.165360
4.727270 -1.932320 3.951710
4.727270 -1.932320 3.951710
5.009020 -2.559520 4.701710
5.009020 -2.559520 4.701710
5.009020 -2.559530 4.701710
5.009030 -2.559520 4.701710
5.009050 -2.559540 4.701710
5.527990 -3.300440 5.191860
5.527980 -3.300440 5.191850
5.527980 -3.300450 5.191860
5.527980 -3.300440 5.191850
5.527990 -3.300450 5.191850
5.527990 -3.300440 5.191860
6.080440 -4.100730 5.419270
6.080440 -4.100730 5.419270
6.080440 -4.100730 5.419270
6.080450 -4.100730 5.419270
6.080460 -4.100730 5.419270
6.658010 -4.928760 5.308670
6.658010 -4.928760 5.308680
6.658010 -4.928770 5.308660
6.658010 -4.928770 5.308660
6.658010 -4.928770 5.308660
6.658020 -4.928760 5.308680
7.116640 -5.753460 4.886800
7.116630 -5.753460 4.886790
7.116630 -5.753470 4.886790
7.116630 -5.753480 4.886770
7.116650 -5.753460 4.886780
7.116630 -5.753460 4.886790
7.409890 -6.525420 4.316940
7.409890 -6.525420 4.316940
7.409890 -6.525410 4.316930
7.409890 -6.525410 4.316930
7.409910 -6.525410 4.316910
7.538340 -7.184320 3.560840
7.538340 -7.184320 3.560840
7.538340 -7.184320 3.560840
7.538330 -7.184320 3.560810
7.538340 -7.184310 3.560840
7.538350 -7.184310 3.560840
7.472820 -7.696340 2.698550
7.472820 -7.696330 2.698550
7.472790 -7.696340 2.698520
7.472820 -7.696320 2.698540
7.472820 -7.696320 2.698540
7.212990 -8.002630 1.772120
7.212990 -8.002630 1.772120
7.212990 -8.002630 1.772120
7.212990 -8.002620 1.772120
7.212980 -8.002620 1.772120
7.212990 -8.002620 1.772120
6.755660 -8.088190 0.866420
6.755650 -8.088200 0.866420
6.755650 -8.088200 0.866420
6.755610 -8.088170 0.866380
6.755660 -8.088190 0.866410
6.755660 -8.088190 0.866420
6.148590 -7.975470 0.067290
6.148590 -7.975480 0.067290
6.148570 -7.975490 0.067290
6.148580 -7.975470 0.067290
6.148600 -7.975470 0.067290
6.148600 -7.975470 0.067290
5.451420 -7.629960 -0.597900
5.451420 -7.629960 -0.597900
5.451400 -7.629960 -0.597890
5.451400 -7.629960 -0.597890
5.451420 -7.629950 -0.597910
5.451420 -7.629960 -0.597900
4.712850 -7.155150 -1.074120
4.712840 -7.155150 -1.074120
4.712840 -7.155150 -1.074120
4.712860 -7.155150 -1.074130
4.712860 -7.155150 -1.074130
3.958420 -6.530280 -1.302570
3.958390 -6.530290 -1.302560
3.958400 -6.530260 -1.302560
3.958420 -6.530280 -1.302570
3.958420 -6.530280 -1.302580
3.196990 -5.841130 -1.198970
3.196990 -5.841120 -1.198960
3.196990 -5.841120 -1.198960
3.196990 -5.841120 -1.198960
3.196990 -5.841120 -1.198960
3.196990 -5.841120 -1.198980
3.174300 -5.834760 -1.185590
2.491980 -5.204160 -0.882240
2.491990 -5.204140 -0.882230
2.491970 -5.204130 -0.882180
2.491990 -5.204120 -0.882220
2.492000 -5.204140 -0.882230
1.952860 -4.562660 -0.344930
1.952850 -4.562660 -0.344920
1.952870 -4.562650 -0.344920
1.952870 -4.562640 -0.344920
1.952860 -4.562650 -0.344940
1.556660 -4.095460 0.439850
1.556640 -4.095460 0.439860
1.556660 -4.095460 0.439870
1.556660 -4.095460 0.439860
1.556660 -4.095450 0.439850
1.166090 -4.051020 1.385180
1.166090 -4.051020 1.385180
1.166100 -4.051030 1.385190
1.166100 -4.051020 1.385180
1.166110 -4.051010 1.385190
1.166090 -4.051020 1.385180
0.777030 -4.365590 2.325180
0.777050 -4.365590 2.325170
0.777050 -4.365590 2.325170
0.777050 -4.365580 2.325170
0.777050 -4.365580 2.325170
0.344400 -4.780030 3.091520
0.344380 -4.780050 3.091530
0.344400 -4.780030 3.091520
0.344410 -4.780030 3.091520
0.774760 -4.366680 2.326510
-0.283560 -5.341810 3.625150
-0.283550 -5.341810 3.625150
-0.283550 -5.341810 3.625150
-0.283530 -5.341810 3.625170
-0.283560 -5.341810 3.625150
-1.133110 -5.901860 3.802910
-1.133110 -5.901870 3.802910
-1.133110 -5.901860 3.802910
-1.133100 -5.901870 3.802920
-1.133120 -5.901860 3.802910
-1.133110 -5.901860 3.802910
-2.096000 -6.259820 3.771450
-2.096000 -6.259820 3.771450
-2.096000 -6.259830 3.771460
-2.096020 -6.259810 3.771460
-2.096010 -6.259820 3.771450
-3.084340 -6.364010 3.642140
-3.084340 -6.364010 3.642130
-3.084340 -6.364010 3.642140
-3.084340 -6.364010 3.642150
-3.084340 -6.364010 3.642140
-3.084370 -6.363980 3.642130
-4.061580 -6.187570 3.400950
-4.061580 -6.187580 3.400940
-4.061580 -6.187580 3.400940
-4.061580 -6.187570 3.400950
-4.061580 -6.187570 3.400950
-4.061580 -6.187570 3.400950
-4.935930 -5.796360 3.078870
-4.935940 -5.796360 3.078860
-4.935930 -5.796360 3.078870
-4.935930 -5.796350 3.078880
-4.935940 -5.796350 3.078880
-4.935940 -5.796340 3.078880
-5.643730 -5.223330 2.676420
-5.643730 -5.223340 2.676430
-5.643730 -5.223350 2.676420
-5.643740 -5.223340 2.676440
-5.643750 -5.223330 2.676460
-5.643730 -5.223330 2.676420
-6.119190 -4.421510 2.253280
-6.119190 -4.421510 2.253270
-6.119190 -4.421510 2.253290
-6.119210 -4.421520 2.253280
-6.119200 -4.421480 2.253300
-6.119200 -4.421490 2.253290
-6.375450 -3.471720 1.988140
-6.375460 -3.471710 1.988120
-6.375460 -3.471720 1.988140
-6.375470 -3.471710 1.988150
-6.375450 -3.471710 1.988140
-6.375450 -3.471700 1.988150
-6.386280 -2.476780 1.785090
-6.386280 -2.476780 1.785090
-6.386280 -2.476780 1.785090
-6.386300 -2.476780 1.785100
-6.386290 -2.476780 1.785100
-6.386280 -2.476770 1.785090
-6.176590 -1.531620 1.675490
-6.383650 -2.470440 1.776300
-6.176590 -1.531620 1.675490
-6.176570 -1.531600 1.675500
-6.176580 -1.531610 1.675490
-5.752610 -0.637000 1.907720
-5.752610 -0.637000 1.907720
-5.752620 -0.636990 1.907710
-5.752610 -0.637000 1.907720
-5.752600 -0.636980 1.907760
-5.752590 -0.636990 1.907720
-5.238680 0.064730 2.493230
-5.238680 0.064730 2.493240
-5.238680 0.064730 2.493240
-5.238690 0.064750 2.493270
-5.238680 0.064730 2.493240
-5.238680 0.064730 2.493240
-4.844220 0.633510 3.240680
-4.844220 0.633500 3.240690
-4.844210 0.633500 3.240690
-4.844190 0.633490 3.240690
-4.699870 1.184730 4.039940
-4.699870 1.184740 4.039940
-4.699880 1.184730 4.039950
-4.699870 1.184730 4.039940
-4.806000 1.981840 4.641240
-4.806000 1.981840 4.641240
-4.806010 1.981830 4.641240
-4.806010 1.981830 4.641240
-4.806010 1.981830 4.641250
-4.806000 1.981830 4.641250
-5.065780 2.918160 4.993640
-5.065790 2.918160 4.993640
-5.065810 2.918180 4.993630
-5.065800 2.918170 4.993640
-5.065790 2.918160 4.993640
-5.065780 2.918160 4.993650
-5.422460 3.829920 5.148600
-5.422470 3.829920 5.148600
-5.422480 3.829930 5.148600
-5.422480 3.829920 5.148600
-5.422470 3.829920 5.148600
-5.810740 4.767820 4.945400
-5.810750 4.767810 4.945400
-5.810750 4.767820 4.945390
-5.810750 4.767810 4.945410
-5.810750 4.767810 4.945420
-5.810740 4.767820 4.945400
-6.137570 5.626350 4.542180
-6.137580 5.626320 4.542210
-6.137580 5.626320 4.542210
-6.137580 5.626320 4.542210
-6.137580 5.626330 4.542230
-6.451440 6.328850 3.908120
-6.451440 6.328840 3.908130
-6.451440 6.328840 3.908120
-6.451450 6.328840 3.908120
-6.135770 5.629910 4.540980
-6.451440 6.328840 3.908130
-6.688100 6.826690 3.031350
-6.688100 6.826690 3.031350
-6.688100 6.826690 3.031350
-6.688110 6.826690 3.031340
-6.688100 6.826690 3.031350
-6.688100 6.826700 3.031360
-6.780000 7.174630 2.113640
-6.780000 7.174620 2.113620
-6.780010 7.174620 2.113640
-6.780010 7.174630 2.113640
-6.780000 7.174630 2.113640
-6.779990 7.174640 2.113640
-6.656350 7.294460 1.117540
-6.656360 7.294460 1.117540
-6.656360 7.294460 1.117540
-6.656370 7.294460 1.117530
-6.656360 7.294460 1.117540
-6.656340 7.294470 1.117530
-6.414010 7.137770 0.140450
-6.414010 7.137770 0.140450
-6.414040 7.137760 0.140430
-6.414020 7.137770 0.140450
-6.414010 7.137770 0.140450
-6.100630 6.744600 -0.738450
-6.100630 6.744600 -0.738450
-6.100640 6.744600 -0.738450
-6.100640 6.744600 -0.738450
-6.100620 6.744620 -0.738450
-6.100620 6.744610 -0.738450
-5.625350 6.189910 -1.454960
-5.625350 6.189910 -1.454960
-5.625350 6.189890 -1.454970
-5.625380 6.189920 -1.454990
-5.625360 6.189920 -1.454960
-5.625340 6.189940 -1.454970
-5.076160 5.557570 -1.973290
-5.076170 5.557570 -1.973290
-5.076170 5.557570 -1.973290
-5.076170 5.557570 -1.973290
-5.628050 6.178320 -1.461800
-5.076160 5.557570 -1.973290
-4.416840 4.787070 -2.185110
-4.416850 4.787060 -2.185110
-4.416850 4.787040 -2.185120
-4.416840 4.787070 -2.185110
-4.416840 4.787070 -2.185110
-4.416830 4.787080 -2.185110
-3.734380 3.983600 -2.177620
-3.734400 3.983600 -2.177620
-3.734400 3.983610 -2.177630
-3.734400 3.983600 -2.177650
-3.734360 3.983600 -2.177650
-3.653490 3.949280 -2.150820
-3.653490 3.949280 -2.150820
-3.653510 3.949280 -2.150820
-3.732190 3.983000 -2.177900
-3.653490 3.949280 -2.150830
-3.653490 3.949280 -2.150820
-3.653490 3.949280 -2.150820
-2.184430 2.812410 -2.265290
-3.029560 3.316440 -2.174310
-2.184430 2.812410 -2.265310
-2.184430 2.812410 -2.265310
-2.184430 2.812410 -2.265310
-1.260640 2.506600 -2.524450
-1.260640 2.506600 -2.524470
-1.260640 2.506600 -2.524450
-1.260640 2.506610 -2.524450
-0.297350 2.439500 -2.857220
-0.297350 2.439490 -2.857210
-0.297350 2.439490 -2.857210
-0.297350 2.439460 -2.857230
-0.297340 2.439500 -2.857220
-0.297330 2.439510 -2.857240
0.635940 2.589580 -3.096580
0.635930 2.589580 -3.096590
-0.290670 2.442990 -2.862700
0.635930 2.589580 -3.096590
0.635930 2.589580 -3.096590
0.635950 2.589600 -3.096600
1.534680 3.038420 -3.141910
1.534670 3.038420 -3.141910
1.534670 3.038420 -3.141920
1.534670 3.038410 -3.141930
1.534670 3.038410 -3.141930
1.534670 3.038420 -3.141930
2.261570 3.772670 -2.997540
2.261570 3.772670 -2.997540
2.261570 3.772670 -2.997540
2.261570 3.772670 -2.997550
2.261570 3.772680 -2.997550
2.261560 3.772680 -2.997540
2.807620 4.575420 -2.704190
2.807620 4.575420 -2.704200
2.807650 4.575400 -2.704190
2.807620 4.575430 -2.704210
2.807620 4.575440 -2.704220
2.807620 4.575440 -2.704180
3.194930 5.345870 -2.163980
3.194940 5.345870 -2.163980
3.194930 5.345870 -2.163980
3.194940 5.345870 -2.163980
3.194930 5.345880 -2.163980
3.194930 5.345890 -2.163980
3.386560 6.060770 -1.495020
3.386570 6.060770 -1.495020
3.386570 6.060760 -1.495020
3.193810 5.355910 -2.164200
3.386560 6.060780 -1.495020
3.386560 6.060770 -1.495020
3.298210 6.745830 -0.761410
3.298210 6.745830 -0.761420
3.298220 6.745830 -0.761420
3.298220 6.745830 -0.761420
3.298190 6.745850 -0.761410
2.932920 7.318570 0.007590
2.932920 7.318570 0.007590
2.932920 7.318570 0.007580
2.932930 7.318580 0.007580
2.932920 7.318580 0.007580
2.932910 7.318590 0.007580
2.381690 7.754090 0.729000
2.381710 7.754100 0.728980
2.381730 7.754100 0.729000
2.381710 7.754100 0.728970
2.381700 7.754120 0.728970
2.381700 7.754100 0.728980
1.643430 8.037780 1.348380
1.643430 8.037780 1.348380
1.643440 8.037780 1.348390
1.643430 8.037800 1.348370
1.643430 8.037780 1.348370
1.643430 8.037780 1.348370
0.761550 8.110410 1.835930
0.761570 8.110430 1.835930
0.761570 8.110430 1.835930
0.761570 8.110430 1.835930
0.761560 8.110420 1.835930
-0.192400 7.960800 2.149050
-0.192400 7.960790 2.149050
-0.192400 7.960800 2.149050
-0.192400 7.960810 2.149050
-0.192400 7.960810 2.149050
-0.192430 7.960780 2.149040
