3.107580 -0.494260 -1.383160
0.450240 -1.099020 2.018860
0.202590 5.631980 2.124930
-0.657570 6.766480 4.556930
-1.167870 12.593710 13.806480
-8.753650 74.816980 34.408650
-7.370570 45.863410 17.741000
-3.585560 16.559070 -1.647520
-1.888320 8.697260 -0.683910
-0.989490 6.867520 0.364640
-0.639830 5.226500 2.093340
-0.728410 6.621030 4.483160
-2.140480 10.292030 9.629420
-3.689350 13.582820 8.634540
-4.288210 14.363300 5.473830
-3.681020 12.314920 0.078390
-2.623850 8.209250 -0.677450
-0.485500 5.883390 1.420500
-1.128810 4.790410 1.821620
-2.034270 5.697900 4.435900
-2.410820 6.924910 6.438210
-3.179010 8.089620 5.862990
-4.191180 9.690020 3.641760
-3.191290 8.926110 -0.695660
-2.928380 7.824230 -0.759810
-1.954960 6.024500 0.152440
-1.552310 4.260810 1.430280
-3.029990 4.675900 4.126470
-2.790010 5.627950 5.044480
-3.757030 6.769850 4.302520
-4.194970 7.974370 1.191020
-3.206530 7.402090 -0.435940
-2.882300 7.071160 -0.699270
-2.399880 5.368160 -0.112060
-1.845180 3.843820 0.930810
-3.063710 4.591940 4.130180
-3.063010 4.684780 4.185220
-4.259550 5.796850 3.515290
-5.301470 5.756840 2.191730
-4.571320 6.712550 1.115190
-5.322240 5.753240 2.160750
-3.690570 6.313890 -0.182790
-2.842780 5.812610 -0.590190
-2.031010 3.661500 0.308770
-3.438940 2.644730 0.742040
-2.875680 3.663930 2.377110
-3.421080 3.836560 3.606730
-3.723460 4.041340 3.571890
-4.794540 5.039540 3.172960
-5.090760 5.915750 0.850440
-4.204150 5.423010 -0.071190
-3.056600 4.493660 -0.152720
-4.788750 4.699320 -0.175720
-2.126330 3.604270 0.314830
-4.651120 1.546060 0.490670
-3.751330 2.489870 2.381580
-4.558700 3.498940 3.108370
-5.837770 4.384730 3.060560
-6.288450 5.248660 0.699020
-5.803440 4.259930 -0.425750
-5.551380 5.477290 0.745080
-5.189960 2.814330 -0.607440
-4.815000 4.709050 -0.176070
-4.747510 1.736260 -0.434640
-4.669170 1.550800 0.525630
-4.925340 2.148940 2.187970
-5.764410 4.311900 3.118510
-6.908830 5.042520 2.140990
-7.381120 5.076560 0.787530
-7.412580 4.010010 -0.875780
-6.828080 1.686090 -1.757020
-6.855160 1.507870 -1.829510
-6.026660 1.440140 0.925370
-6.143900 1.808750 2.848220
-6.875430 4.037270 3.471250
-7.861480 4.957020 2.630230
-6.334450 4.200530 3.128260
-9.104980 5.198780 0.969700
-10.420350 3.788270 -2.107860
-10.876110 1.527620 -4.323590
-8.065260 0.703080 -2.119230
-7.152150 0.853290 1.701470
-7.447350 3.778280 4.039220
-6.260630 2.834460 3.435270
-9.015390 4.876600 3.666900
-12.861730 6.124050 1.554460
-23.965010 2.542100 -10.613810
-27.298140 1.570680 -13.449920
-9.109690 0.218250 -0.479710
-7.135080 0.869570 1.937140
-6.849710 2.206800 4.297250
-6.492870 1.566470 2.999000
-7.813330 3.364300 4.964540
-10.409200 4.973220 5.415680
-28.040130 10.375070 2.800940
-92.770500 8.915460 -27.287750
-64.336580 -8.246980 -33.439280
-9.110900 -0.137210 0.377810
-7.414140 0.043780 2.707290
-6.852950 1.779680 4.874470
-7.951300 2.924840 6.031710
-12.623650 5.557800 8.495350
-106.024900 21.702880 14.890250
-127.459840 14.782750 6.759120
-62.130530 -11.875790 -31.739200
-8.986740 -0.202240 0.922250
-7.335290 -0.010140 2.841790
-6.735650 1.336190 5.368560
-7.867250 2.459040 7.225830
-20.115420 8.657860 19.489930
-113.495630 8.915460 23.155090
-136.143190 8.915460 6.759120
-26.054400 -5.823000 -5.917200
-8.973190 -0.704050 1.775420
-7.257710 -0.380710 3.243290
-6.464800 0.946270 5.762250
-7.403970 1.927430 8.778480
-46.489910 10.134600 71.169260
-95.674280 -1.335530 27.246420
-102.751410 -19.210860 6.759120
-16.585110 -4.494720 0.561280
-8.752550 -1.255360 2.495050
-6.678400 -0.940030 3.594250
-6.030900 0.533490 6.029400
-6.453920 1.353790 10.215500
-22.190710 8.915460 91.024660
-47.539480 8.915460 71.729130
-75.854430 -39.416030 9.218980
-12.366080 -4.227490 2.962490
-8.311440 -1.662440 3.051340
-5.452810 0.116340 6.171740
-5.527880 1.109500 11.305650
-11.972050 8.915460 98.935130
-32.334170 -8.349100 68.364160
-50.207500 -38.471100 29.132250
-9.760640 -3.951050 4.017730
-7.710060 -2.067150 3.420620
-5.652880 -1.555340 3.719910
-4.753010 -0.060380 6.343190
-3.524580 0.982210 13.835540
-6.084570 8.915460 103.566460
-10.355960 -26.075680 70.433250
-13.705580 -10.748230 10.900830
-8.106780 -3.985490 4.477750
-6.908840 -2.482720 3.780440
-5.252590 -1.643950 3.584390
-3.929740 -0.192680 6.299490
-1.527440 0.897520 15.264740
-0.935210 -10.648790 90.970390
-4.537560 -30.602540 71.268410
-7.598000 -6.671230 7.583300
-6.672800 -4.074300 4.616540
-4.042470 -0.829680 4.294740
-3.008860 -0.172090 6.014460
-1.202410 0.103050 13.683130
-0.534190 -9.165960 22.693040
-2.746050 -8.007910 15.365250
-5.262210 -5.255080 6.203330
-5.527140 -4.129950 4.419320
-3.563000 -0.690450 3.947530
-1.873110 0.157740 5.556920
-0.455000 -1.056370 10.468100
0.414820 -4.140800 12.614530
-2.313280 -4.959650 8.169470
-3.944610 -4.779820 5.313550
-4.719130 -3.061170 3.055380
-4.717500 -3.054130 3.046370
-3.104310 -0.715040 3.037920
-4.488650 -1.713680 3.178760
-1.933720 0.007110 5.054100
0.103050 -1.662900 6.819070
0.339600 -2.076870 7.166850
-1.746840 -3.955090 5.473520
-2.997370 -4.408890 4.351210
-4.658510 -3.069830 2.839210
-3.414490 -1.000000 1.574300
-1.566340 -0.575760 3.447010
-2.910100 -1.160220 1.717240
0.122250 -1.393890 4.157780
-0.312530 -2.077560 4.093420
-1.423030 -3.707910 3.830680
-2.529800 -4.600210 2.867800
-4.595080 -3.108900 2.755900
-4.130720 -1.979140 1.713720
-4.621490 -3.070010 2.784090
-4.161170 -2.056960 0.361310
-1.403780 -1.254760 1.958560
-2.716150 -1.964530 0.496950
-0.111910 -1.394320 2.219340
-0.545500 -2.602380 2.494910
-2.461450 -4.814550 2.613520
-3.790470 -4.591110 2.116390
-4.444270 -3.563850 1.339710
-3.771110 -4.278480 2.596680
-4.209630 -2.260940 0.497540
-4.413450 -3.182040 2.130220
-4.377860 -3.057730 -0.922810
-0.559870 -2.361900 -0.738160
-0.564440 -2.387180 -0.707130
-0.642170 -3.751120 0.877350
-1.246150 -4.827890 1.864900
-3.771070 -5.049170 1.578970
-4.631800 -4.300330 0.493930
-3.797080 -4.591300 2.106430
-4.941450 -3.168210 -0.949800
-4.678060 -4.420050 -2.835390
-0.566790 -3.145700 -2.480060
-0.440430 -3.005880 -0.790150
-1.134250 -5.077640 1.754220
-1.134390 -5.078870 1.754750
-3.797430 -5.853270 1.228920
-4.998420 -5.570120 -0.411150
-6.200040 -4.935740 -2.996140
-5.310330 -7.079280 -6.501230
-0.861260 -4.679350 -4.893530
-0.480880 -3.920890 -0.816560
-0.996870 -5.450680 1.750360
-1.001440 -5.477820 1.761000
-3.600730 -6.899330 1.096640
-6.004380 -8.036170 -1.464440
-10.640930 -10.104830 -8.465140
-6.346980 -13.299290 -15.119970
-0.753270 -4.789220 -4.370280
-0.194300 -4.822800 -0.843210
-3.248280 -8.083570 1.350270
-7.473730 -12.357950 -2.606860
-28.787720 -36.530130 -38.413130
-8.047440 -28.423330 -36.699420
-0.061360 -6.185430 -3.286790
0.235610 -5.550170 -0.706840
0.452900 -5.799090 0.893700
-1.342470 -7.350090 2.175810
-2.779320 -9.305140 1.874830
-18.877160 -36.032410 -8.983660
-10.675010 -45.499100 -47.827670
-1.952590 -16.886840 -14.169100
0.652020 -7.129330 -2.188340
1.282690 -6.495410 -0.223740
0.567910 -5.824600 0.944510
-0.717580 -7.766460 2.611690
-2.176440 -10.678910 2.911390
-29.771480 -79.576380 -0.845720
-22.409070 -74.919670 -11.692560
1.041840 -12.669200 -4.960170
1.435390 -7.652620 -1.392300
1.318090 -6.483540 -0.100800
0.875020 -6.021390 1.108820
-0.058070 -7.989590 3.313930
-1.312510 -12.493910 4.838280
-10.176430 -111.284090 6.759120
-4.958660 -105.771740 -2.756450
2.414360 -10.984740 -1.640740
2.188560 -7.851820 -0.623720
1.911410 -5.923960 1.130970
1.151910 -6.491480 2.747550
0.717380 -7.886670 3.925020
-0.241280 -14.885800 8.393090
0.357630 -123.602260 6.759120
-0.157530 -115.420410 0.553020
3.394080 -9.868670 0.026660
2.943320 -7.743730 0.092480
1.926840 -5.913300 1.135220
1.619640 -6.283140 3.079510
1.422180 -7.532200 4.834270
1.552490 -19.689830 16.488860
0.534770 -83.932030 35.306530
3.824070 -18.631770 2.709470
4.131110 -8.810830 1.106910
3.650200 -7.407370 0.568500
2.080230 -5.794860 1.686890
2.140770 -5.810490 3.323910
2.241160 -6.665340 5.796700
1.889230 -15.376470 13.546920
2.449570 -16.189730 12.844590
4.493850 -11.279340 3.092340
4.781970 -7.800630 1.657850
3.371530 -5.757590 0.817700
3.369090 -5.740240 0.819970
2.655230 -4.903340 3.450590
2.401620 -5.550210 1.835810
2.681130 -5.774820 6.043740
2.442530 -7.315020 7.537280
4.242450 -8.650650 5.825970
5.014360 -8.588480 3.214430
5.378630 -7.004060 1.644230
3.276910 -4.309650 1.587160
3.188780 -3.581470 2.997170
2.785820 -4.768030 4.899920
3.583880 -5.432020 4.960980
5.466990 -5.353340 3.708850
4.905850 -6.481280 4.319990
5.971300 -6.207380 2.842620
5.507460 -7.002850 3.015820
5.395640 -5.686130 0.169400
4.490720 -4.484420 -0.012850
4.726370 -6.115880 0.617730
3.911370 -3.125250 0.901560
3.736500 -5.208450 0.699080
3.766550 -2.699460 1.203710
3.383990 -3.710760 3.100750
5.331430 -3.818850 3.247620
4.634680 -4.501130 3.774900
6.131160 -4.933160 3.372050
5.618000 -5.409090 3.565480
6.090580 -6.268920 1.161800
6.569010 -5.234580 -0.586520
6.088810 -6.270040 1.155310
5.506580 -3.550320 -1.305760
4.664850 -1.934760 -0.913260
4.103710 -2.454090 0.487410
5.344160 -2.730150 2.165800
5.490440 -3.860730 3.282530
5.661890 -3.716160 3.296430
7.095470 -5.701380 2.319130
7.034360 -5.880150 0.843450
6.465400 -5.973490 2.480960
9.073750 -4.764690 -2.492820
7.528290 -1.034130 -5.197070
7.269970 -0.919860 -4.706050
5.599030 -1.907800 0.566650
5.498520 -2.754440 2.286650
6.004800 -3.587040 3.250850
7.876380 -5.410330 2.418970
6.638540 -4.766400 3.251680
8.659990 -5.747220 0.662950
20.291770 -3.662560 -12.937470
28.998450 -0.307120 -25.953110
7.170400 -0.762650 -3.836660
6.149380 -1.808930 0.972950
6.358670 -2.187950 2.757990
7.565340 -4.249420 3.678930
8.837690 -5.073000 2.965680
7.046470 -4.562820 3.298080
11.169130 -5.755680 0.874070
68.611380 8.915460 -47.756200
66.801750 9.120220 -49.451400
8.275560 -0.419440 -1.512950
6.787480 -1.501710 1.519220
6.353800 -2.210220 2.828260
8.049160 -3.818490 4.224620
6.668390 -3.240450 3.595090
9.945630 -4.719170 3.996170
17.163850 -6.332580 1.237040
96.459970 -14.028930 2.357590
43.769440 9.113660 -26.518440
8.630400 -0.093780 -0.064870
7.083320 -1.135630 2.008340
6.955770 -2.905940 3.951800
8.279720 -3.355880 5.001800
11.192240 -4.414690 5.579990
95.578170 -18.888520 5.756320
120.440790 8.915460 6.759120
31.754600 10.125630 -12.377450
8.704680 0.420070 1.095990
7.238740 -0.297690 2.918440
7.046040 -2.131060 4.884840
8.293360 -2.871830 5.881890
12.886290 -4.225910 8.281780
103.893450 -10.288710 6.759120
110.369920 17.764570 6.759120
21.807960 8.836070 -3.173880
8.521610 0.851210 2.116060
7.045250 -0.083290 3.166750
7.033150 -2.115900 4.889490
8.050040 -2.475240 6.860200
16.708780 -4.363040 15.107070
105.373980 8.915460 21.264530
79.849270 44.934730 6.759120
13.211100 5.178140 2.491760
8.077810 1.247880 3.006960
6.903780 0.043690 3.469660
6.453380 -1.431060 5.738820
7.466220 -2.067140 7.857100
42.189720 -8.173390 63.649450
80.333780 8.915460 45.752490
61.609420 50.129750 19.108930
10.327190 4.338080 4.126580
7.507110 1.549150 3.659480
6.129680 0.678010 3.996860
5.851720 -1.193110 6.071570
6.621530 -1.805860 8.809270
37.354480 0.803040 81.742750
42.333330 8.915460 83.849240
46.228040 48.275540 36.590180
8.408750 4.058150 4.927040
6.777160 1.874440 4.102440
5.700500 -0.472660 4.748520
5.242970 -1.030430 6.280760
5.467850 -1.867670 10.046260
21.391360 8.915460 105.477860
22.169430 13.086570 100.040560
10.120690 10.904810 13.197500
6.661770 3.632090 5.355650
5.955160 2.071210 4.357800
5.045700 0.861840 4.096660
4.416090 -1.003020 6.366400
3.518690 -2.131790 11.359730
9.326070 8.915460 118.176830
9.326070 19.122700 106.875120
5.440620 5.914950 8.934240
5.401320 3.508380 5.363070
4.725490 0.898150 3.920580
3.598970 -0.978020 6.172280
0.611250 -2.991900 12.806660
-5.632340 8.676310 92.301080
-1.662290 16.632900 74.675410
3.529580 4.247490 7.121410
4.269170 3.243530 5.078420
4.678580 0.906880 3.911620
4.635410 0.866820 3.904740
2.673870 -1.212560 5.723910
0.519410 -2.985500 12.427820
-1.611270 1.206660 18.609090
-0.610050 4.743510 16.862950
2.448040 3.383390 5.842960
3.445070 3.095380 4.564230
4.272580 0.879300 3.697270
3.292270 -0.351070 3.817430
1.752860 -1.659460 4.854610
-0.021140 -1.402490 8.811570
-1.186950 0.575220 10.315790
0.399370 2.619500 8.390960
1.788080 2.966030 4.710210
2.668780 3.147940 3.423560
3.844790 2.148270 2.951040
2.934570 -0.349650 2.957970
3.976350 0.853390 3.347180
1.530470 -1.811430 4.197360
-0.356830 -0.622690 6.145190
-0.779030 -0.039260 6.494330
0.483790 2.048130 5.639680
1.409420 2.970020 3.704930
2.720340 3.141040 3.342270
2.909980 -0.458100 1.534320
0.967010 -1.126570 1.758630
0.204500 -1.305810 3.676830
-0.074620 0.115130 3.928390
0.413010 2.014310 2.808320
0.504330 1.922320 3.925540
1.343360 3.421550 2.830910
3.665410 2.773460 1.742810
2.700710 3.245800 2.956010
3.836650 1.592130 0.728590
3.707310 2.263910 2.469340
3.173860 -0.264860 -0.685580
3.059170 -0.555070 -1.027250
1.400470 0.118450 1.956330
1.024940 -0.758060 1.629520
0.301210 0.911690 2.328360
0.301090 2.716810 2.326540
2.602820 4.100360 2.061530
1.367160 3.450060 2.811040
3.681710 3.795210 0.953610
2.705020 3.499080 2.561210
4.403590 2.445130 -0.686270
3.272870 -0.494720 -1.415240
3.153050 -0.491530 -1.386240
0.476150 1.480230 -0.357380
0.025530 2.084470 0.965770
0.290890 2.731090 2.317100
2.155500 5.049830 1.777270
3.750130 4.478160 0.698350
4.326590 3.282450 -0.191700
3.845650 2.747510 -0.606810
0.953360 1.268440 -0.776460
0.296350 1.570140 -0.584080
-0.367590 2.631460 0.724840
1.236590 3.828340 2.525430
1.993720 5.621920 1.743930
2.857930 5.276780 1.367580
2.930240 4.761220 0.350830
1.727420 4.696270 -1.025960
2.451430 3.879090 -0.719510
0.848700 3.743700 -1.419250
0.221320 2.295410 -0.700800
-0.360170 2.112330 -0.406190
-1.003300 3.181080 0.509260
0.343200 5.154260 2.059480
-0.059800 3.484940 1.867710
1.061170 5.734330 1.998090
1.509880 5.764030 1.312760
1.955790 5.455640 -0.021180
0.773300 3.734310 -1.431390
-0.325600 3.121420 -0.794260
-1.925330 3.578390 0.252650
-1.262400 4.537940 1.646270
-0.946350 6.920290 0.283570
0.732200 6.354660 0.781820
0.475690 7.212360 -0.154610
1.496100 5.996330 -0.485050
1.332980 6.472630 -0.952420
0.313710 4.336900 -2.064700
0.276490 4.331410 -2.057310
-1.893510 3.919450 -0.009690
-2.021550 3.891620 0.171270
-1.993570 6.073660 0.036400
-0.502050 5.911000 1.315980
-1.228960 8.795770 -0.705160
0.500510 8.439960 -1.289420
1.344150 6.909420 -2.073680
0.234990 4.454290 -2.472530
0.200750 4.448730 -2.464050
-2.098590 4.834120 -0.888580
-2.870090 6.876930 -0.720930
-1.868730 8.484900 -0.624610
-1.358880 12.508360 -2.317330
0.964660 10.680760 -3.111400
1.595680 7.435390 -3.326360
0.910500 5.451100 -3.358460
0.093740 4.426560 -2.543730
-2.246620 5.281930 -1.646960
-2.841430 6.893530 -0.947740
-2.927310 11.369370 -1.910140
-4.158530 35.187010 -9.731720
3.147220 19.159240 -8.703460
2.058490 7.662170 -5.230610
0.989980 5.322340 -4.276520
-0.358490 4.340680 -3.630810
-2.434040 5.419570 -2.338390
-3.031300 7.080070 -2.084940
-3.775940 11.908380 -4.032440
9.326070 80.953410 -35.756360
12.144040 66.718800 -49.169620
3.177530 7.717750 -7.856600
0.837150 4.870470 -5.010270
-0.448250 4.133630 -3.965700
-2.934800 5.124450 -3.524760
-3.836100 6.748180 -4.038540
-5.554290 12.441450 -6.841500
9.326070 58.057410 -63.754090
9.326070 53.618070 -69.277560
4.112940 6.745470 -10.512560
0.708120 4.162100 -5.602890
-0.565680 4.057620 -3.978620
-3.263910 4.736250 -3.988270
-4.439480 6.143900 -4.847290
-8.769820 13.658160 -10.895940
0.931500 36.904180 -81.875810
9.326070 36.290500 -91.324160
6.813380 4.639480 -15.802190
0.553520 3.219580 -6.107770
-0.985640 3.240670 -4.619250
-3.587360 4.229310 -4.186650
-5.216220 5.571270 -5.322320
-17.130130 17.515490 -19.724150
-7.991690 17.177940 -98.266890
9.326070 11.575640 -123.420060
14.831880 -1.290340 -28.865860
0.401190 2.184220 -6.318150
-1.242710 2.663970 -4.697600
-3.922270 3.759030 -4.257830
-5.945990 4.828070 -5.564390
-44.254300 25.930670 -44.664190
-10.369400 8.915460 -106.707490
9.326070 8.915460 -126.930190
14.925990 -3.519310 -28.538390
0.183240 1.347230 -6.214650
-1.488630 2.158820 -4.632660
-4.216600 3.167990 -4.229650
-6.913590 3.923280 -5.552370
-57.538260 13.865920 -52.309140
-14.648310 -6.196890 -85.355270
9.326070 -17.777350 -96.976040
8.459500 -4.468580 -20.567510
0.072800 0.544900 -5.886040
-1.631440 1.676860 -4.389770
-4.493270 2.639150 -3.967770
-8.048780 3.036890 -5.221380
-69.836000 8.915460 -46.622080
-57.241170 -3.189370 -45.823060
6.502080 -34.697090 -75.486870
4.006570 -4.923980 -14.408650
-0.092280 -0.185780 -5.308230
-1.739390 1.217140 -4.001850
-4.692800 2.188130 -3.585260
-8.823150 2.213140 -4.645590
-69.450100 2.902520 -40.402940
-54.804180 -14.544800 -36.018840
-10.521800 -39.091270 -53.664090
1.592030 -5.043810 -10.366470
-0.104480 -0.644500 -4.692410
-1.809150 0.912410 -3.574660
-4.847560 1.770260 -3.062080
-9.721890 1.442850 -3.722920
-63.316570 -9.816140 -32.753510
-22.155870 -22.752630 -22.090950
-6.652030 -11.713040 -12.940260
0.273480 -4.742840 -7.459040
0.025800 -0.989610 -3.935860
-1.793740 0.700390 -3.052170
-4.943190 1.546210 -2.450530
-9.638500 1.313200 -3.620120
-17.906700 -6.845950 -10.124180
-8.788950 -7.674550 -6.112780
-4.673730 -6.238520 -5.737520
-0.488040 -4.320230 -5.146910
0.099950 -1.092630 -3.187290
-1.748510 0.678400 -2.664860
-4.979520 1.468470 -1.833420
-8.847190 0.439040 -2.614770
-9.468320 -4.258720 -4.597210
-5.935340 -4.395470 -2.526230
-1.250110 -3.678780 -3.312470
0.742840 -1.819220 -3.385340
0.157750 -0.968830 -2.496500
-1.824190 0.667520 -2.469810
-4.892580 1.474680 -1.203720
-7.061740 0.840370 -1.516130
-6.461280 -3.053890 -2.216770
-4.772100 -2.847930 -0.718120
-1.207780 -2.701820 -1.677670
0.376310 -1.732830 -2.380930
-0.062210 -0.752570 -2.275980
-1.582750 0.834220 -1.601870
-4.738500 1.708930 -0.478570
-6.087590 0.964960 -0.761570
-4.989390 -2.255350 -0.714040
-4.030210 -1.721410 0.523700
-2.144130 -1.342940 1.042760
-0.631360 -2.202680 -0.404630
-0.235020 -2.134020 -0.941860
-0.436130 0.035840 -1.753200
-1.330680 1.177890 -1.114680
-4.699620 1.754080 -0.422130
-4.780820 1.712600 -0.460340
-4.063300 -1.586120 0.484970
-3.977790 0.266250 1.037320
-1.457420 -1.037270 2.147650
0.010920 -1.382200 1.733110
-0.727120 -1.232410 0.275480
-0.222040 1.468330 -0.544070
-0.900620 1.816790 -0.537130
-3.994490 2.121220 -0.200510
-4.601200 1.536570 0.555580
-3.422410 -0.971890 1.569260
-1.029670 -0.645350 3.243200
0.119610 -1.199000 2.758920
0.396290 -0.277330 1.771600
0.017000 1.622590 -0.453350
-2.234230 3.150860 0.190650
-2.420480 3.246070 0.250950
-3.791520 2.087120 0.687380
-2.773440 0.069080 3.050350
-0.730980 -0.429010 4.230860
-0.441010 -0.522400 4.282230
0.203390 0.260810 2.065970
0.036970 2.219570 1.933320
-0.660430 2.489750 0.321400
-2.327740 3.336840 0.278220
-3.914350 1.934890 1.765300
-2.772190 0.123220 3.056960
-0.755760 -0.131510 5.624800
-0.551240 -0.343580 4.826590
0.051420 1.178510 2.798620
-0.572310 3.633160 1.716710
-1.846960 3.839780 0.926580
-2.140410 3.635240 1.198770
-3.000880 3.536680 2.883770
-3.434190 3.279600 3.348260
-2.408950 1.508900 4.644000
-3.245480 1.794150 2.887560
-1.213850 0.778390 8.422900
-0.402160 0.593640 4.909470
0.488490 2.178300 3.730170
-0.472050 3.851480 1.804870
-1.501250 4.288840 1.481980
-2.632640 4.530220 3.655180
-1.928120 4.049670 1.969440
-3.063090 4.572740 4.123170
-2.009900 2.275860 6.537750
-2.995480 2.584130 3.850090
-0.997480 2.219490 10.684230
0.594840 2.253660 5.568510
0.944600 2.716760 3.825000
-0.430580 4.009820 1.909650
-1.187700 4.643690 1.759900
-1.801860 5.567260 4.125400
-1.610020 4.628200 2.419400
-2.399620 5.243480 6.448030
-1.323040 2.667280 9.809050
-1.002490 2.429080 11.107820
0.721600 2.427060 5.399040
1.313510 2.896540 3.827810
0.543570 4.979150 2.182670
-0.727080 6.619230 4.480420
-0.981640 5.358910 2.736420
-1.933630 7.735230 9.111540
-0.656140 4.287100 14.756420
0.521820 3.576120 9.670320
1.344910 2.981540 5.377700
1.477710 3.051970 3.806240
1.205160 5.263440 2.163030
1.086530 5.734470 2.000750
0.804080 7.338970 4.569210
-0.074430 5.990250 2.950850
-0.286360 16.507680 19.569020
1.324260 18.066540 39.324840
2.031080 4.288190 8.306820
2.029420 3.280340 5.263250
2.436980 3.236290 3.492690
2.017480 5.386620 1.836930
1.995880 5.621840 1.743750
2.382260 7.847470 4.371860
9.637380 54.534740 68.428290
9.326070 44.595520 78.939080
3.178260 4.448380 7.547760
3.195580 3.375660 4.998810
2.684360 3.881850 2.322810
2.787930 5.337650 1.423690
2.741330 5.361000 1.447070
4.345690 8.482420 4.073760
12.778560 53.632670 65.985990
14.872650 46.375620 71.172840
4.172440 4.361310 6.592310
3.372370 3.321690 4.854650
2.720250 3.844370 2.341020
3.456080 4.910570 1.048940
4.676010 6.448190 1.762600
7.455540 9.398160 3.368780
29.942750 47.675360 53.974970
14.810250 21.527300 25.573660
4.998740 3.931560 5.690060
3.906410 3.121050 4.526800
3.576330 3.172060 1.897030
3.985900 4.282670 0.532740
5.735410 5.821140 0.858860
11.276240 10.229530 2.179890
64.251500 51.569580 14.981200
9.397350 8.192220 8.794830
5.556240 3.345330 5.053360
3.844950 2.151750 2.958010
3.812280 2.648750 1.598650
4.505520 3.621300 -0.032090
6.911490 5.061670 -0.219930
25.416520 14.859180 -1.319400
69.529980 51.542100 9.746220
8.599710 5.613180 6.096060
5.971650 2.605370 4.464060
3.971650 2.154640 1.395810
4.655740 2.680820 -0.669770
8.142860 3.717680 -1.869750
31.429810 17.030330 -2.685590
33.761910 19.236240 -1.943860
8.305880 3.793890 4.609630
6.161330 1.773960 4.060670
4.794150 1.126820 3.848860
3.901780 1.433130 1.251530
4.501040 1.463720 -1.259560
9.118030 1.393310 -4.096770
19.324640 6.459240 -5.832190
12.300900 3.769130 0.570210
7.860420 2.225100 3.617450
3.683510 0.554910 1.276770
4.163930 -0.131280 -1.797990
9.165070 0.295090 -4.877390
11.002280 1.297800 -5.290300
9.041920 1.014470 1.158100
7.404350 0.953910 3.176450
4.703600 0.742120 3.920970
4.633500 0.759190 3.907460
2.965820 -0.419300 1.474600
3.747880 -0.643480 -1.804470
5.974440 -0.989310 -3.520040
7.038960 -0.814310 -1.146950
7.483810 -0.430480 1.662510
7.024230 -0.089950 3.184130
4.361880 -0.082260 4.426100
3.215270 -0.483250 3.729720
4.573650 0.375910 4.039640
2.169730 -1.552190 2.263990
2.740390 -1.063550 0.251360
4.394170 -2.013290 -0.400890
5.858160 -1.837410 0.934160
6.640430 -1.453140 2.294880
6.591940 -1.257080 3.900030
4.178050 -0.686310 5.205800
5.691130 -0.365820 4.543840
2.644340 -1.291810 4.857590
1.541890 -1.869220 4.503540
2.165800 -1.556030 2.259120
3.739270 -2.717050 1.562180
5.400110 -2.651440 2.172980
6.591610 -1.257210 3.902120
6.555780 -1.248540 3.969450
4.331510 -1.246870 6.728250
5.659970 -0.757580 5.033110
1.445870 -2.321380 7.335910
1.135950 -2.455300 7.402280
2.498090 -3.833930 4.838210
3.995180 -3.402760 2.966450
5.617560 -3.636020 3.278120
6.737180 -1.896080 4.666700
5.879630 -1.235860 5.814800
6.512870 -1.463160 4.270890
4.949820 -1.881600 9.151120
0.523560 -3.047110 12.960590
1.119310 -4.091580 9.800880
2.724530 -5.057110 5.474740
4.474400 -4.498920 3.885440
7.166030 -2.369560 5.086130
6.544800 -2.758400 3.673450
6.721730 -1.879500 6.666890
6.466290 -3.077540 17.180800
0.236810 -6.069400 37.745470
1.380640 -6.923930 12.128280
3.137070 -5.573880 5.552450
4.666040 -4.617820 3.969920
5.863120 -4.019960 3.502990
7.804420 -3.010650 5.264350
8.115150 -2.580340 7.664650
19.664980 -10.485650 90.064140
9.326070 -11.618930 99.832100
1.632260 -10.863920 14.320900
3.671440 -5.933510 5.566670
5.046320 -5.090450 4.110070
7.487910 -4.159840 3.798120
8.659120 -3.716530 5.101580
10.580460 -3.614560 8.649900
23.794570 -18.173690 79.564380
9.326070 -29.035920 85.715260
1.835630 -14.096460 14.791330
4.605130 -7.170290 5.212140
5.316840 -5.516230 4.015130
7.869180 -4.703600 3.529530
6.296970 -4.718930 3.466600
9.537060 -4.492250 4.551240
15.987310 -5.062740 10.487530
70.350200 -16.146170 34.325710
9.326070 -45.593810 72.577280
1.819590 -16.458840 14.314180
4.690780 -7.149190 5.052230
5.622860 -5.969100 3.790780
8.143720 -5.202320 3.002680
10.585330 -5.131290 3.760610
46.483410 -11.619860 21.998940
75.431220 -27.623750 20.605520
9.326070 -73.339170 51.313950
2.734610 -15.419760 11.972180
5.084610 -7.625690 4.526070
5.772070 -6.723150 3.037070
8.304240 -5.579470 2.315870
11.504930 -5.747290 2.595820
87.849250 -19.293280 14.820670
80.566800 -39.582600 6.759120
9.326070 -89.829460 39.131310
4.013310 -14.459640 8.461310
5.134720 -8.459290 3.396420
5.791160 -6.709010 2.970330
8.321290 -5.808720 1.592780
12.857230 -6.066950 0.911240
96.291500 -19.183310 6.759120
36.459060 -94.785930 9.179000
9.326070 -112.564430 22.694880
4.501780 -13.845830 5.808810
5.146030 -8.374670 3.240110
5.613540 -7.093040 2.090830
8.195270 -5.889500 0.836930
14.016010 -6.202580 -1.378080
84.340490 -17.455830 -7.402400
34.623980 -100.657620 6.759120
9.326070 -134.991420 6.759120
4.566390 -13.034410 3.694340
5.061310 -8.490170 2.546010
6.327360 -6.242820 1.020000
7.874750 -5.890180 0.096650
15.360270 -5.846980 -4.589410
72.746950 -13.302970 -23.414720
22.248050 -95.757840 -11.028100
9.326070 -122.805620 -3.231220
4.438750 -11.975780 2.073630
4.870720 -8.454500 1.849270
6.299650 -6.248550 1.014620
7.513500 -5.680960 -0.517220
17.212780 -4.787340 -8.816320
59.944230 -3.061800 -46.366400
9.326070 -91.623490 -29.163150
7.566590 -90.335670 -28.392590
4.049680 -10.948020 0.773360
4.510260 -8.278900 1.187750
5.586120 -5.887100 0.241340
7.101150 -5.204350 -1.098390
18.735170 -2.690340 -14.086710
58.077840 1.769220 -52.703610
9.326070 -44.153490 -70.086370
-0.872890 -46.609190 -20.931930
3.410550 -10.165690 -0.050780
3.817540 -7.879550 0.578750
5.239100 -5.556580 0.023270
6.617900 -4.716540 -1.513960
19.866250 -0.909810 -17.688290
39.671440 -4.891850 -68.543880
9.326070 -34.224410 -78.879980
0.634660 -16.698470 -7.973940
2.943450 -9.015860 -0.646680
3.509390 -7.568500 0.369620
4.863280 -5.198190 -0.078690
6.072710 -3.964700 -1.789370
14.983060 -1.445660 -14.717200
14.316770 -29.408320 -77.110280
-4.267650 -18.030000 -23.240510
0.990180 -10.051500 -4.532120
2.328650 -8.131700 -0.814290
3.518030 -5.889960 0.682520
4.404230 -4.696080 0.004220
5.477300 -2.989020 -1.784660
8.277620 -1.943260 -9.827800
3.040410 -9.279340 -20.087920
-1.455880 -8.277360 -10.213910
0.770610 -7.800040 -3.158080
1.870410 -7.250920 -0.716940
4.051220 -4.293380 0.204720
5.016360 -2.242370 -1.597860
5.033640 -1.953870 -6.941390
0.915500 -5.757480 -10.171210
-0.799100 -5.099030 -5.731980
0.522880 -6.224050 -1.990710
1.273610 -6.484560 -0.356420
1.973220 -5.945050 1.034360
3.758960 -3.871940 0.542820
4.804420 -1.805940 -1.335760
5.308770 -0.957730 -3.104300
1.718410 -2.424640 -6.162490
-0.472880 -3.361810 -2.958660
0.127440 -5.229630 -0.922030
3.477510 -3.333970 1.299360
4.206520 -1.659060 -0.889230
3.890740 -0.706350 -1.958050
0.748810 -1.824630 -3.400330
-0.391980 -3.290180 -0.552590
-0.097630 -4.861320 0.101500
1.975930 -5.854300 1.268130
3.147260 -3.250900 2.501980
2.910400 -1.467980 0.484210
2.733920 -1.067250 0.260660
-0.228540 -2.134710 -0.953500
-0.546680 -3.554380 0.889280
0.561900 -5.821480 0.957760
1.875640 -5.860900 1.538320
2.404500 -5.014530 2.956270
1.903640 -5.848060 1.609200
2.628250 -3.462850 3.681410
1.339070 -1.688940 3.671290
0.218160 -1.318750 3.267710
-0.089180 -1.643020 1.343420
-0.901270 -5.385300 1.717280
-0.901740 -5.388710 1.717730
1.209170 -6.445470 2.843610
2.133850 -5.603540 4.058570
1.610570 -5.919390 2.237850
2.209100 -3.970940 5.375260
1.156570 -2.149490 5.788160
0.419710 -1.818870 5.504450
-0.454530 -2.474060 2.534810
-0.996110 -5.484120 1.762850
0.774820 -7.051340 3.391140
0.128570 -6.276220 2.002340
1.809390 -7.005120 5.511960
1.616770 -5.001200 8.345780
0.665920 -2.966980 9.440140
0.418300 -1.818470 5.507470
-1.369020 -3.659180 3.889570
-1.121750 -5.534420 1.852170
-0.972280 -6.974620 2.282530
-0.111610 -8.162620 3.533830
1.079370 -9.783360 7.296360
0.528740 -6.934860 15.089060
0.111750 -6.223940 15.980730
-0.763490 -3.440600 5.879200
-1.503510 -3.848450 3.844870
-2.462040 -4.867000 2.502000
-1.783900 -7.472560 2.192320
-1.495740 -5.795140 1.982840
-1.364810 -9.500870 3.403970
0.321140 -19.525650 14.155110
-1.121400 -19.647060 36.571190
-0.078580 -7.413260 18.628690
-1.849830 -4.310250 5.865830
-2.665630 -4.468380 3.901190
-2.846530 -6.112920 1.827770
-2.852700 -7.889870 1.713580
-3.237950 -12.350490 2.907600
-11.047450 -74.681160 32.233260
-2.171000 -63.314600 48.019760
-2.675190 -7.376960 13.554010
-2.704790 -4.768890 5.549510
-2.671310 -4.471250 3.892700
-3.548630 -5.929010 1.481390
-3.969600 -8.059860 1.019140
-7.431180 -19.365790 1.253210
-29.741940 -88.806490 6.759120
-13.305230 -57.376670 43.506960
-4.449000 -6.933980 9.764260
-3.870740 -4.780270 5.266060
-3.460800 -4.803040 2.365370
-4.106790 -5.715190 1.130700
-5.026810 -8.122160 0.037990
-31.282190 -67.146790 -9.851450
-30.154850 -88.373110 6.759120
-28.180170 -49.718850 37.518000
-5.560000 -6.351940 7.640920
-4.264070 -4.738480 4.924090
-3.881690 -4.553760 2.123870
-4.583750 -5.318710 0.729330
-6.245300 -8.178640 -1.708730
-34.354570 -63.524980 -10.244370
-46.720360 -71.405200 6.759120
-48.994550 -38.480250 30.044690
-6.399860 -5.640710 6.100820
-5.503810 -4.077820 4.257900
-3.891720 -4.555470 2.103570
-4.944710 -4.623310 0.086830
-7.744490 -7.390490 -4.100290
-44.818020 -47.927300 -14.580630
-78.797640 -39.769710 6.759120
-17.111440 -11.196100 8.498280
-7.020130 -4.756520 5.060860
-5.454070 -3.962600 4.076740
-4.468580 -3.818930 1.600110
-5.079480 -3.821070 -0.458790
-8.455030 -7.285730 -5.656480
-62.354910 -18.562170 -25.479650
-75.335470 -34.742820 -0.449980
-11.969800 -5.806270 4.638050
-7.170750 -3.913090 4.288070
-4.576630 -3.252080 1.379840
-4.955270 -3.180020 -0.963950
-8.467940 -5.279230 -4.353370
-65.006980 -16.377370 -25.218740
-65.672740 -17.562380 -23.598140
-9.943400 -3.521900 3.303990
-7.198660 -2.974010 3.784470
-4.707320 -2.944230 2.795680
-4.547560 -2.640510 1.198700
-5.013630 -2.946310 -0.887070
-8.056230 -3.028260 -2.996400
-21.209040 -2.816260 -9.169740
-14.389420 -2.216310 -2.039070
-8.949020 -1.977860 2.738210
-7.039620 -2.000410 3.428220
-5.449520 -1.777910 3.502410
-4.250210 -1.986630 1.021170
-5.116340 -1.565060 -0.328090
-7.335220 -0.747480 -1.834970
-9.787230 0.151680 -3.015740
-9.262250 -0.235610 0.312470
-7.983230 -0.811830 2.604300
-5.382020 -1.653650 3.571720
-3.781930 -1.221880 1.273810
-4.710850 -0.265980 0.279450
-3.594570 -0.299770 1.839720
-6.114980 0.957220 -0.771380
-6.327020 0.945820 -0.407510
-7.318060 0.638260 1.457550
-7.271860 -0.022250 2.905100
-5.282110 -1.631860 3.589020
-5.247730 -1.641120 3.584620
-4.166240 0.731960 1.171270
-3.124470 0.478470 2.813380
-4.585160 1.534140 0.604350
-5.446190 1.449180 1.313060
-6.138480 1.807730 2.839160
-6.640990 0.864460 3.766600
-6.645170 0.834860 3.834540
-4.710560 -0.786960 4.401240
-6.160700 -0.534260 3.931410
-3.446350 -0.580670 3.850370
-5.027470 -1.211240 3.815130
-2.627850 -0.236920 3.240820
-3.719550 1.584290 2.190090
-2.925270 1.247070 3.909940
-3.924820 2.000550 1.933500
-5.033920 2.121200 2.283030
-6.636930 0.852350 3.819660
-5.947020 0.331860 5.195020
-4.511060 -0.157420 5.576200
-6.002320 -0.195510 4.414250
-2.679910 0.015080 5.226740
-2.073710 0.123870 5.167490
-3.527150 3.007990 3.313820
-3.564240 3.102920 3.249190
-5.195390 2.976270 3.031690
-6.720290 1.696420 4.732590
-6.214760 0.953950 6.191510
-4.361650 0.413720 7.762840
-1.244090 0.567640 8.489630
-1.866600 1.242200 6.991350
-2.840540 3.661450 4.974770
-3.817490 3.798400 3.535410
-6.998240 2.369450 5.055090
-6.884640 1.772080 7.148220
-4.223990 1.050350 12.501040
-1.565760 1.009780 15.951890
-2.095840 3.089510 7.693870
-2.923780 4.822070 5.048880
-4.014460 3.864490 3.517430
-6.452930 2.922890 3.790590
-7.576400 3.098430 5.261920
-8.294590 2.927240 8.583060
-4.337990 6.330090 66.092690
-3.691300 6.261020 57.418030
-2.164470 5.183530 8.502040
-2.949680 5.236810 4.754280
-4.350540 4.385790 3.567050
-7.068890 4.005510 3.733650
-8.300380 3.944910 5.153170
-10.937410 4.634420 10.526170
-6.220040 9.608850 102.670280
-3.006090 18.475790 95.899640
-2.081450 7.362740 8.618060
-3.496870 5.703400 4.544960
-4.613000 4.911040 3.415190
-7.342930 4.525490 3.446970
-9.071270 4.688000 4.831880
-18.531470 8.276520 16.143610
-7.997860 28.163210 81.821740
2.378530 34.090980 83.865650
-2.037770 8.112230 8.265620
-4.006620 6.411910 4.063710
-4.926280 5.416090 3.142000
-7.653440 4.848120 3.016780
-10.051180 5.321090 4.277220
-62.238220 27.725740 40.415370
-10.797210 44.037440 63.325840
4.387140 52.340240 66.727740
-2.999760 8.750020 6.944470
-4.571930 7.334330 2.846400
-6.383930 5.264220 2.075020
-7.939840 5.168760 2.341180
-11.154210 5.868070 3.279760
-76.658150 30.546910 26.882850
-62.716960 39.065630 28.835210
-9.989360 72.722570 35.397850
-4.241860 10.225990 4.270480
-4.611670 7.259370 2.706550
-8.123010 5.351230 1.553450
-13.220310 6.267730 1.656690
-100.815170 33.032710 6.759120
-70.052510 51.888520 11.010540
-13.634550 86.120030 19.756980
-4.384070 10.545430 2.954800
-4.546660 7.569140 1.414050
-6.385450 5.415120 1.086470
-8.172770 5.248070 0.802760
-14.687870 6.324110 -0.377460
-99.791340 32.358900 5.191740
-19.652240 95.150520 6.759120
-14.673880 99.030930 6.759120
-4.208180 10.623240 1.455070
-4.305160 7.381450 0.624620
-6.289390 5.243320 0.618700
-8.098700 5.086690 0.148220
-16.359460 5.960610 -2.538010
-88.350160 23.363090 -14.198840
-14.994960 89.386400 -3.432470
-13.240400 91.018430 -3.145600
-3.732530 10.358720 -0.025750
-4.013950 7.038770 0.068690
-8.025810 4.641590 -0.590390
-20.535970 4.500870 -6.957970
-81.975120 8.915460 -35.929590
-8.008000 78.016670 -22.016340
-7.093310 73.034780 -22.266300
-3.138910 9.891460 -1.097770
-3.567030 6.661090 -0.306620
-5.870450 4.604400 -0.314870
-7.832710 3.925080 -1.232920
-25.648290 1.641750 -12.563540
-78.032880 8.915460 -39.349230
-22.258610 54.032280 -36.665440
-5.138890 17.203240 -6.606290
-3.007880 9.552440 -1.171640
-3.255410 6.295130 -0.525510
-5.614370 4.216720 -0.521250
-7.540870 3.191300 -1.697120
-21.154350 2.248190 -10.720870
-24.435000 7.856900 -18.634120
-13.415880 12.793380 -14.252570
-4.607140 10.432330 -4.799070
-3.169990 8.354430 -1.704630
-2.847420 5.834310 -0.595970
-5.215120 3.753100 -0.670360
-7.146950 2.324930 -1.882970
-10.947900 1.537330 -4.368330
-10.124560 3.310360 -6.242280
-6.439650 6.523630 -6.258910
-4.059800 7.334960 -4.026870
-2.894850 6.682590 -0.719790
-2.769160 5.620730 -0.560470
-4.685020 2.941940 -0.571310
-4.107880 4.611850 -0.391670
-6.901680 1.513150 -1.872850
-8.211860 1.546230 -2.837080
-6.734730 3.131270 -4.623690
-4.728530 4.864410 -4.653830
-3.467890 5.720390 -3.616220
-2.838530 5.794000 -0.590540
-2.168970 4.110850 -0.007080
-4.163660 2.050500 -0.294680
-6.198960 1.523010 -1.515380
-6.113610 1.618440 -1.973390
-5.101790 2.692590 -3.873270
-3.801570 3.949690 -4.177790
-2.389760 5.253910 -2.302350
-2.461410 5.065160 -0.679940
-2.582570 3.150500 0.182960
-2.466570 1.655680 -1.143290
-4.016510 1.781720 -0.826310
-4.230160 1.610100 -2.152580
-2.887730 1.786040 -3.466960
-3.800360 2.277180 -3.513520
-3.002830 3.349350 -3.970360
-1.315730 4.441770 -2.283780
-1.998300 4.408930 -0.847870
-0.574220 2.251580 -0.395750
-0.653820 2.143180 -0.460450
-1.661230 0.626510 -2.590580
-2.463540 1.637640 -1.169220
-1.649890 0.658880 -2.821290
-1.773900 1.525990 -4.037990
-1.680600 2.773420 -4.286490
-1.698820 4.101430 -3.516720
-1.308000 4.440010 -2.277090
-0.801790 3.707050 -1.083210
-0.396360 2.134960 -0.407990
0.140320 0.500380 -1.629150
-0.022120 -0.663620 -2.338120
-0.324000 -0.465680 -3.482500
-0.729220 1.158500 -4.873040
-0.709910 2.952660 -4.780630
-0.490810 4.117100 -3.859370
-0.141520 4.306170 -2.490060
0.383510 2.098330 -0.832300
1.693110 0.101520 -1.673110
1.917630 -1.754000 -4.403770
1.860340 -2.437430 -6.438940
0.856850 0.445760 -6.650180
0.176580 3.114350 -5.520420
0.037870 4.258890 -4.077540
1.884040 2.542620 -1.160020
3.466190 0.325560 -1.476910
4.876630 -1.350540 -4.883550
6.675720 -3.021940 -14.809910
4.994160 -0.928620 -12.437570
1.173830 3.877290 -6.246580
0.521950 4.649320 -4.118910
1.881930 2.717510 -1.163650
4.485240 1.425380 -1.279000
7.992720 -0.520650 -5.024180
21.065070 -3.172610 -34.918530
28.126100 -4.169930 -49.693910
2.031830 5.094380 -6.750390
0.981310 5.266380 -4.039250
0.512890 4.595200 -2.520080
2.781250 3.632370 -0.793330
4.445510 1.564390 -1.190480
8.771400 0.094230 -4.807170
53.932660 7.486390 -64.016840
44.283450 8.915460 -77.780680
3.021650 7.214380 -7.638700
1.460730 6.070950 -3.771970
1.194190 5.444110 -2.261690
3.020110 4.137520 -0.435870
4.844000 2.526160 -0.948120
9.169850 1.578350 -4.058940
55.372920 8.915460 -63.790520
53.515440 8.915460 -66.104280
3.969170 9.935440 -8.232850
1.624900 7.017940 -3.396260
1.219690 5.455500 -2.178150
3.145960 4.595080 0.134830
5.042980 3.485360 -0.536940
9.219730 3.591380 -2.759920
67.127190 13.682200 -43.531010
55.782890 21.741220 -47.771710
4.684940 13.548380 -9.168290
1.640880 7.669570 -2.935160
1.502340 6.328460 -1.502160
3.055150 4.999300 0.730400
5.026710 4.571710 0.110260
8.907330 6.178990 -0.495820
70.784530 40.171090 -8.179400
20.581860 63.166450 -42.206860
4.989420 19.281200 -10.615560
1.492130 8.215130 -2.439490
1.377350 6.659420 -1.130860
2.762640 5.365820 1.339760
4.718510 5.526810 0.869680
8.053070 7.732100 1.279200
72.717160 51.394740 6.759120
14.338630 73.524750 -37.999930
4.348340 26.334050 -12.044440
1.104810 8.706680 -1.969590
1.163600 6.970310 -0.696090
2.585850 5.442970 1.499600
2.814690 5.326010 1.399250
7.096140 9.004490 3.098680
47.936010 77.785770 6.759120
46.704030 78.689580 6.290560
2.527640 32.306590 -12.364160
0.598860 9.052410 -1.614810
0.786040 7.154580 -0.333610
3.474110 6.820920 2.452990
5.206990 10.242870 5.353300
46.516930 79.324800 6.759120
24.953590 102.902530 6.759120
-1.244060 39.958910 -12.681390
0.052980 9.239860 -1.235720
0.379750 7.254340 -0.074600
1.570820 7.352410 3.702930
3.096590 10.880920 7.461390
10.914070 90.069030 33.296340
9.326070 120.235580 6.759120
-4.602020 41.451250 -11.755980
-0.585300 9.294220 -0.964150
0.356630 7.226700 -0.040270
0.256280 5.671140 2.117360
0.374510 7.138860 4.147580
0.724330 11.001980 9.565970
9.326070 91.576780 33.547150
-2.110540 110.040490 6.759120
-4.069170 29.008310 -6.227360
-1.152840 9.198210 -0.834220
-0.463660 7.180560 0.267510
